################# FESOLVE #################
#	Sascha Leuthold						    

Model-Data:

Node: Number / X / Y / Z / Fx / Fy / Fz / Fxx / Fyy / Fzz / Cx / Cy / Cz / Cxx / Cyy / Czz
         1      0.000      0.000      0.000      0.000      0.000      0.000      0.000      0.000      0.000          1          1          0          0          0          0 
         2     13.500      0.000      0.000      0.000      0.000      0.000      0.000      0.000      0.000          0          0          0          0          0          0 
         3     27.000      0.000      0.000      0.000      0.000      0.000      0.000      0.000      0.000          0          0          0          0          0          0 
         4     40.500      0.000      0.000      0.000      0.000      0.000      0.000      0.000      0.000          0          0          0          0          0          0 
         5     54.000      0.000      0.000      0.000      0.000      0.000      0.000      0.000      0.000          0          0          0          0          0          0 
         6     67.500      0.000      0.000      0.000      0.000      0.000      0.000      0.000      0.000          0          0          0          0          0          0 
         7     81.000      0.000      0.000      0.000      0.000      0.000      0.000      0.000      0.000          0          0          0          0          0          0 
         8     94.500      0.000      0.000      0.000      0.000      0.000      0.000      0.000      0.000          0          0          0          0          0          0 
         9    108.000      0.000      0.000      0.000      0.000      0.000      0.000      0.000      0.000          0          0          0          0          0          0 
        10    121.500      0.000      0.000      0.000      0.000      0.000      0.000      0.000      0.000          0          0          0          0          0          0 
        11    135.000      0.000      0.000      0.000      0.000      0.000      0.000      0.000      0.000          0          0          0          0          0          0 
        12    148.500      0.000      0.000      0.000      0.000      0.000      0.000      0.000      0.000          0          0          0          0          0          0 
        13    162.000      0.000      0.000      0.000      0.000      0.000      0.000      0.000      0.000          0          0          0          0          0          0 
        14    175.500      0.000      0.000      0.000      0.000      0.000      0.000      0.000      0.000          0          0          0          0          0          0 
        15    189.000      0.000      0.000      0.000      0.000      0.000      0.000      0.000      0.000          0          0          0          0          0          0 
        16    202.500      0.000      0.000      0.000      0.000      0.000      0.000      0.000      0.000          0          0          0          0          0          0 
        17    216.000      0.000      0.000      0.000      0.000      0.000      0.000      0.000      0.000          1          0          0          0          0          0 
        18      0.000     13.500      0.000      0.000      0.000      0.000      0.000      0.000      0.000          1          1          0          0          0          0 
        19     13.500     13.500      0.000      0.000      0.000      0.000      0.000      0.000      0.000          0          0          0          0          0          0 
        20     27.000     13.500      0.000      0.000      0.000      0.000      0.000      0.000      0.000          0          0          0          0          0          0 
        21     40.500     13.500      0.000      0.000      0.000      0.000      0.000      0.000      0.000          0          0          0          0          0          0 
        22     54.000     13.500      0.000      0.000      0.000      0.000      0.000      0.000      0.000          0          0          0          0          0          0 
        23     67.500     13.500      0.000      0.000      0.000      0.000      0.000      0.000      0.000          0          0          0          0          0          0 
        24     81.000     13.500      0.000      0.000      0.000      0.000      0.000      0.000      0.000          0          0          0          0          0          0 
        25     94.500     13.500      0.000      0.000      0.000      0.000      0.000      0.000      0.000          0          0          0          0          0          0 
        26    108.000     13.500      0.000      0.000      0.000      0.000      0.000      0.000      0.000          0          0          0          0          0          0 
        27    121.500     13.500      0.000      0.000      0.000      0.000      0.000      0.000      0.000          0          0          0          0          0          0 
        28    135.000     13.500      0.000      0.000      0.000      0.000      0.000      0.000      0.000          0          0          0          0          0          0 
        29    148.500     13.500      0.000      0.000      0.000      0.000      0.000      0.000      0.000          0          0          0          0          0          0 
        30    162.000     13.500      0.000      0.000      0.000      0.000      0.000      0.000      0.000          0          0          0          0          0          0 
        31    175.500     13.500      0.000      0.000      0.000      0.000      0.000      0.000      0.000          0          0          0          0          0          0 
        32    189.000     13.500      0.000      0.000      0.000      0.000      0.000      0.000      0.000          0          0          0          0          0          0 
        33    202.500     13.500      0.000      0.000      0.000      0.000      0.000      0.000      0.000          0          0          0          0          0          0 
        34    216.000     13.500      0.000      0.000      0.000      0.000      0.000      0.000      0.000          1          0          0          0          0          0 
        35      0.000     27.000      0.000      0.000      0.000      0.000      0.000      0.000      0.000          1          1          0          0          0          0 
        36     13.500     27.000      0.000      0.000      0.000      0.000      0.000      0.000      0.000          0          0          0          0          0          0 
        37     27.000     27.000      0.000      0.000      0.000      0.000      0.000      0.000      0.000          0          0          0          0          0          0 
        38     40.500     27.000      0.000      0.000      0.000      0.000      0.000      0.000      0.000          0          0          0          0          0          0 
        39     54.000     27.000      0.000      0.000      0.000      0.000      0.000      0.000      0.000          0          0          0          0          0          0 
        40     67.500     27.000      0.000      0.000      0.000      0.000      0.000      0.000      0.000          0          0          0          0          0          0 
        41     81.000     27.000      0.000      0.000      0.000      0.000      0.000      0.000      0.000          0          0          0          0          0          0 
        42     94.500     27.000      0.000      0.000      0.000      0.000      0.000      0.000      0.000          0          0          0          0          0          0 
        43    108.000     27.000      0.000      0.000      0.000      0.000      0.000      0.000      0.000          0          0          0          0          0          0 
        44    121.500     27.000      0.000      0.000      0.000      0.000      0.000      0.000      0.000          0          0          0          0          0          0 
        45    135.000     27.000      0.000      0.000      0.000      0.000      0.000      0.000      0.000          0          0          0          0          0          0 
        46    148.500     27.000      0.000      0.000     -4.050      0.000      0.000      0.000      0.000          0          0          0          0          0          0 
        47    162.000     27.000      0.000      0.000     -8.100      0.000      0.000      0.000      0.000          0          0          0          0          0          0 
        48    175.500     27.000      0.000      0.000     -8.100      0.000      0.000      0.000      0.000          0          0          0          0          0          0 
        49    189.000     27.000      0.000      0.000     -8.100      0.000      0.000      0.000      0.000          0          0          0          0          0          0 
        50    202.500     27.000      0.000      0.000     -8.100      0.000      0.000      0.000      0.000          0          0          0          0          0          0 
        51    216.000     27.000      0.000      0.000     -4.050      0.000      0.000      0.000      0.000          1          0          0          0          0          0 

Element: Number / NumberOfNodes / Dimension
    1     3     2 
    2     3     2 
    3     3     2 
    4     3     2 
    5     3     2 
    6     3     2 
    7     3     2 
    8     3     2 
    9     3     2 
   10     3     2 
   11     3     2 
   12     3     2 
   13     3     2 
   14     3     2 
   15     3     2 
   16     3     2 
   17     3     2 
   18     3     2 
   19     3     2 
   20     3     2 
   21     3     2 
   22     3     2 
   23     3     2 
   24     3     2 
   25     3     2 
   26     3     2 
   27     3     2 
   28     3     2 
   29     3     2 
   30     3     2 
   31     3     2 
   32     3     2 
   33     3     2 
   34     3     2 
   35     3     2 
   36     3     2 
   37     3     2 
   38     3     2 
   39     3     2 
   40     3     2 
   41     3     2 
   42     3     2 
   43     3     2 
   44     3     2 
   45     3     2 
   46     3     2 
   47     3     2 
   48     3     2 
   49     3     2 
   50     3     2 
   51     3     2 
   52     3     2 
   53     3     2 
   54     3     2 
   55     3     2 
   56     3     2 
   57     3     2 
   58     3     2 
   59     3     2 
   60     3     2 
   61     3     2 
   62     3     2 
   63     3     2 
   64     3     2 

Material: Number / EModul / Nue
    1 1.300e+003 1.000e-002 

Element Stiffnessmatrix: 1
 7.8720e+004 -2.6591e+004 -2.6064e+004  5.2655e+002 -5.2655e+004  2.6064e+004 
-2.6591e+004  7.8720e+004  2.6064e+004 -5.2655e+004  5.2655e+002 -2.6064e+004 
-2.6064e+004  2.6064e+004  2.6064e+004  0.0000e+000  0.0000e+000 -2.6064e+004 
 5.2655e+002 -5.2655e+004  0.0000e+000  5.2655e+004 -5.2655e+002  0.0000e+000 
-5.2655e+004  5.2655e+002  0.0000e+000 -5.2655e+002  5.2655e+004  0.0000e+000 
 2.6064e+004 -2.6064e+004 -2.6064e+004  0.0000e+000  0.0000e+000  2.6064e+004 


Element Stiffnessmatrix: 2
 7.8720e+004 -2.6591e+004 -2.6064e+004  5.2655e+002 -5.2655e+004  2.6064e+004 
-2.6591e+004  7.8720e+004  2.6064e+004 -5.2655e+004  5.2655e+002 -2.6064e+004 
-2.6064e+004  2.6064e+004  2.6064e+004  0.0000e+000  0.0000e+000 -2.6064e+004 
 5.2655e+002 -5.2655e+004  0.0000e+000  5.2655e+004 -5.2655e+002  0.0000e+000 
-5.2655e+004  5.2655e+002  0.0000e+000 -5.2655e+002  5.2655e+004  0.0000e+000 
 2.6064e+004 -2.6064e+004 -2.6064e+004  0.0000e+000  0.0000e+000  2.6064e+004 


Element Stiffnessmatrix: 3
 7.8720e+004 -2.6591e+004 -2.6064e+004  5.2655e+002 -5.2655e+004  2.6064e+004 
-2.6591e+004  7.8720e+004  2.6064e+004 -5.2655e+004  5.2655e+002 -2.6064e+004 
-2.6064e+004  2.6064e+004  2.6064e+004  0.0000e+000  0.0000e+000 -2.6064e+004 
 5.2655e+002 -5.2655e+004  0.0000e+000  5.2655e+004 -5.2655e+002  0.0000e+000 
-5.2655e+004  5.2655e+002  0.0000e+000 -5.2655e+002  5.2655e+004  0.0000e+000 
 2.6064e+004 -2.6064e+004 -2.6064e+004  0.0000e+000  0.0000e+000  2.6064e+004 


Element Stiffnessmatrix: 4
 7.8720e+004 -2.6591e+004 -2.6064e+004  5.2655e+002 -5.2655e+004  2.6064e+004 
-2.6591e+004  7.8720e+004  2.6064e+004 -5.2655e+004  5.2655e+002 -2.6064e+004 
-2.6064e+004  2.6064e+004  2.6064e+004  0.0000e+000  0.0000e+000 -2.6064e+004 
 5.2655e+002 -5.2655e+004  0.0000e+000  5.2655e+004 -5.2655e+002  0.0000e+000 
-5.2655e+004  5.2655e+002  0.0000e+000 -5.2655e+002  5.2655e+004  0.0000e+000 
 2.6064e+004 -2.6064e+004 -2.6064e+004  0.0000e+000  0.0000e+000  2.6064e+004 


Element Stiffnessmatrix: 5
 7.8720e+004 -2.6591e+004 -2.6064e+004  5.2655e+002 -5.2655e+004  2.6064e+004 
-2.6591e+004  7.8720e+004  2.6064e+004 -5.2655e+004  5.2655e+002 -2.6064e+004 
-2.6064e+004  2.6064e+004  2.6064e+004  0.0000e+000  0.0000e+000 -2.6064e+004 
 5.2655e+002 -5.2655e+004  0.0000e+000  5.2655e+004 -5.2655e+002  0.0000e+000 
-5.2655e+004  5.2655e+002  0.0000e+000 -5.2655e+002  5.2655e+004  0.0000e+000 
 2.6064e+004 -2.6064e+004 -2.6064e+004  0.0000e+000  0.0000e+000  2.6064e+004 


Element Stiffnessmatrix: 6
 7.8720e+004 -2.6591e+004 -2.6064e+004  5.2655e+002 -5.2655e+004  2.6064e+004 
-2.6591e+004  7.8720e+004  2.6064e+004 -5.2655e+004  5.2655e+002 -2.6064e+004 
-2.6064e+004  2.6064e+004  2.6064e+004  0.0000e+000  0.0000e+000 -2.6064e+004 
 5.2655e+002 -5.2655e+004  0.0000e+000  5.2655e+004 -5.2655e+002  0.0000e+000 
-5.2655e+004  5.2655e+002  0.0000e+000 -5.2655e+002  5.2655e+004  0.0000e+000 
 2.6064e+004 -2.6064e+004 -2.6064e+004  0.0000e+000  0.0000e+000  2.6064e+004 


Element Stiffnessmatrix: 7
 7.8720e+004 -2.6591e+004 -2.6064e+004  5.2655e+002 -5.2655e+004  2.6064e+004 
-2.6591e+004  7.8720e+004  2.6064e+004 -5.2655e+004  5.2655e+002 -2.6064e+004 
-2.6064e+004  2.6064e+004  2.6064e+004  0.0000e+000  0.0000e+000 -2.6064e+004 
 5.2655e+002 -5.2655e+004  0.0000e+000  5.2655e+004 -5.2655e+002  0.0000e+000 
-5.2655e+004  5.2655e+002  0.0000e+000 -5.2655e+002  5.2655e+004  0.0000e+000 
 2.6064e+004 -2.6064e+004 -2.6064e+004  0.0000e+000  0.0000e+000  2.6064e+004 


Element Stiffnessmatrix: 8
 7.8720e+004 -2.6591e+004 -2.6064e+004  5.2655e+002 -5.2655e+004  2.6064e+004 
-2.6591e+004  7.8720e+004  2.6064e+004 -5.2655e+004  5.2655e+002 -2.6064e+004 
-2.6064e+004  2.6064e+004  2.6064e+004  0.0000e+000  0.0000e+000 -2.6064e+004 
 5.2655e+002 -5.2655e+004  0.0000e+000  5.2655e+004 -5.2655e+002  0.0000e+000 
-5.2655e+004  5.2655e+002  0.0000e+000 -5.2655e+002  5.2655e+004  0.0000e+000 
 2.6064e+004 -2.6064e+004 -2.6064e+004  0.0000e+000  0.0000e+000  2.6064e+004 


Element Stiffnessmatrix: 9
 7.8720e+004 -2.6591e+004 -2.6064e+004  5.2655e+002 -5.2655e+004  2.6064e+004 
-2.6591e+004  7.8720e+004  2.6064e+004 -5.2655e+004  5.2655e+002 -2.6064e+004 
-2.6064e+004  2.6064e+004  2.6064e+004  0.0000e+000  0.0000e+000 -2.6064e+004 
 5.2655e+002 -5.2655e+004  0.0000e+000  5.2655e+004 -5.2655e+002  0.0000e+000 
-5.2655e+004  5.2655e+002  0.0000e+000 -5.2655e+002  5.2655e+004  0.0000e+000 
 2.6064e+004 -2.6064e+004 -2.6064e+004  0.0000e+000  0.0000e+000  2.6064e+004 


Element Stiffnessmatrix: 10
 7.8720e+004 -2.6591e+004 -2.6064e+004  5.2655e+002 -5.2655e+004  2.6064e+004 
-2.6591e+004  7.8720e+004  2.6064e+004 -5.2655e+004  5.2655e+002 -2.6064e+004 
-2.6064e+004  2.6064e+004  2.6064e+004  0.0000e+000  0.0000e+000 -2.6064e+004 
 5.2655e+002 -5.2655e+004  0.0000e+000  5.2655e+004 -5.2655e+002  0.0000e+000 
-5.2655e+004  5.2655e+002  0.0000e+000 -5.2655e+002  5.2655e+004  0.0000e+000 
 2.6064e+004 -2.6064e+004 -2.6064e+004  0.0000e+000  0.0000e+000  2.6064e+004 


Element Stiffnessmatrix: 11
 7.8720e+004 -2.6591e+004 -2.6064e+004  5.2655e+002 -5.2655e+004  2.6064e+004 
-2.6591e+004  7.8720e+004  2.6064e+004 -5.2655e+004  5.2655e+002 -2.6064e+004 
-2.6064e+004  2.6064e+004  2.6064e+004  0.0000e+000  0.0000e+000 -2.6064e+004 
 5.2655e+002 -5.2655e+004  0.0000e+000  5.2655e+004 -5.2655e+002  0.0000e+000 
-5.2655e+004  5.2655e+002  0.0000e+000 -5.2655e+002  5.2655e+004  0.0000e+000 
 2.6064e+004 -2.6064e+004 -2.6064e+004  0.0000e+000  0.0000e+000  2.6064e+004 


Element Stiffnessmatrix: 12
 7.8720e+004 -2.6591e+004 -2.6064e+004  5.2655e+002 -5.2655e+004  2.6064e+004 
-2.6591e+004  7.8720e+004  2.6064e+004 -5.2655e+004  5.2655e+002 -2.6064e+004 
-2.6064e+004  2.6064e+004  2.6064e+004  0.0000e+000  0.0000e+000 -2.6064e+004 
 5.2655e+002 -5.2655e+004  0.0000e+000  5.2655e+004 -5.2655e+002  0.0000e+000 
-5.2655e+004  5.2655e+002  0.0000e+000 -5.2655e+002  5.2655e+004  0.0000e+000 
 2.6064e+004 -2.6064e+004 -2.6064e+004  0.0000e+000  0.0000e+000  2.6064e+004 


Element Stiffnessmatrix: 13
 7.8720e+004 -2.6591e+004 -2.6064e+004  5.2655e+002 -5.2655e+004  2.6064e+004 
-2.6591e+004  7.8720e+004  2.6064e+004 -5.2655e+004  5.2655e+002 -2.6064e+004 
-2.6064e+004  2.6064e+004  2.6064e+004  0.0000e+000  0.0000e+000 -2.6064e+004 
 5.2655e+002 -5.2655e+004  0.0000e+000  5.2655e+004 -5.2655e+002  0.0000e+000 
-5.2655e+004  5.2655e+002  0.0000e+000 -5.2655e+002  5.2655e+004  0.0000e+000 
 2.6064e+004 -2.6064e+004 -2.6064e+004  0.0000e+000  0.0000e+000  2.6064e+004 


Element Stiffnessmatrix: 14
 7.8720e+004 -2.6591e+004 -2.6064e+004  5.2655e+002 -5.2655e+004  2.6064e+004 
-2.6591e+004  7.8720e+004  2.6064e+004 -5.2655e+004  5.2655e+002 -2.6064e+004 
-2.6064e+004  2.6064e+004  2.6064e+004  0.0000e+000  0.0000e+000 -2.6064e+004 
 5.2655e+002 -5.2655e+004  0.0000e+000  5.2655e+004 -5.2655e+002  0.0000e+000 
-5.2655e+004  5.2655e+002  0.0000e+000 -5.2655e+002  5.2655e+004  0.0000e+000 
 2.6064e+004 -2.6064e+004 -2.6064e+004  0.0000e+000  0.0000e+000  2.6064e+004 


Element Stiffnessmatrix: 15
 7.8720e+004 -2.6591e+004 -2.6064e+004  5.2655e+002 -5.2655e+004  2.6064e+004 
-2.6591e+004  7.8720e+004  2.6064e+004 -5.2655e+004  5.2655e+002 -2.6064e+004 
-2.6064e+004  2.6064e+004  2.6064e+004  0.0000e+000  0.0000e+000 -2.6064e+004 
 5.2655e+002 -5.2655e+004  0.0000e+000  5.2655e+004 -5.2655e+002  0.0000e+000 
-5.2655e+004  5.2655e+002  0.0000e+000 -5.2655e+002  5.2655e+004  0.0000e+000 
 2.6064e+004 -2.6064e+004 -2.6064e+004  0.0000e+000  0.0000e+000  2.6064e+004 


Element Stiffnessmatrix: 16
 7.8720e+004 -2.6591e+004 -2.6064e+004  5.2655e+002 -5.2655e+004  2.6064e+004 
-2.6591e+004  7.8720e+004  2.6064e+004 -5.2655e+004  5.2655e+002 -2.6064e+004 
-2.6064e+004  2.6064e+004  2.6064e+004  0.0000e+000  0.0000e+000 -2.6064e+004 
 5.2655e+002 -5.2655e+004  0.0000e+000  5.2655e+004 -5.2655e+002  0.0000e+000 
-5.2655e+004  5.2655e+002  0.0000e+000 -5.2655e+002  5.2655e+004  0.0000e+000 
 2.6064e+004 -2.6064e+004 -2.6064e+004  0.0000e+000  0.0000e+000  2.6064e+004 


Element Stiffnessmatrix: 17
 7.8720e+004 -2.6591e+004 -2.6064e+004  5.2655e+002 -5.2655e+004  2.6064e+004 
-2.6591e+004  7.8720e+004  2.6064e+004 -5.2655e+004  5.2655e+002 -2.6064e+004 
-2.6064e+004  2.6064e+004  2.6064e+004  0.0000e+000  0.0000e+000 -2.6064e+004 
 5.2655e+002 -5.2655e+004  0.0000e+000  5.2655e+004 -5.2655e+002  0.0000e+000 
-5.2655e+004  5.2655e+002  0.0000e+000 -5.2655e+002  5.2655e+004  0.0000e+000 
 2.6064e+004 -2.6064e+004 -2.6064e+004  0.0000e+000  0.0000e+000  2.6064e+004 


Element Stiffnessmatrix: 18
 7.8720e+004 -2.6591e+004 -2.6064e+004  5.2655e+002 -5.2655e+004  2.6064e+004 
-2.6591e+004  7.8720e+004  2.6064e+004 -5.2655e+004  5.2655e+002 -2.6064e+004 
-2.6064e+004  2.6064e+004  2.6064e+004  0.0000e+000  0.0000e+000 -2.6064e+004 
 5.2655e+002 -5.2655e+004  0.0000e+000  5.2655e+004 -5.2655e+002  0.0000e+000 
-5.2655e+004  5.2655e+002  0.0000e+000 -5.2655e+002  5.2655e+004  0.0000e+000 
 2.6064e+004 -2.6064e+004 -2.6064e+004  0.0000e+000  0.0000e+000  2.6064e+004 


Element Stiffnessmatrix: 19
 7.8720e+004 -2.6591e+004 -2.6064e+004  5.2655e+002 -5.2655e+004  2.6064e+004 
-2.6591e+004  7.8720e+004  2.6064e+004 -5.2655e+004  5.2655e+002 -2.6064e+004 
-2.6064e+004  2.6064e+004  2.6064e+004  0.0000e+000  0.0000e+000 -2.6064e+004 
 5.2655e+002 -5.2655e+004  0.0000e+000  5.2655e+004 -5.2655e+002  0.0000e+000 
-5.2655e+004  5.2655e+002  0.0000e+000 -5.2655e+002  5.2655e+004  0.0000e+000 
 2.6064e+004 -2.6064e+004 -2.6064e+004  0.0000e+000  0.0000e+000  2.6064e+004 


Element Stiffnessmatrix: 20
 7.8720e+004 -2.6591e+004 -2.6064e+004  5.2655e+002 -5.2655e+004  2.6064e+004 
-2.6591e+004  7.8720e+004  2.6064e+004 -5.2655e+004  5.2655e+002 -2.6064e+004 
-2.6064e+004  2.6064e+004  2.6064e+004  0.0000e+000  0.0000e+000 -2.6064e+004 
 5.2655e+002 -5.2655e+004  0.0000e+000  5.2655e+004 -5.2655e+002  0.0000e+000 
-5.2655e+004  5.2655e+002  0.0000e+000 -5.2655e+002  5.2655e+004  0.0000e+000 
 2.6064e+004 -2.6064e+004 -2.6064e+004  0.0000e+000  0.0000e+000  2.6064e+004 


Element Stiffnessmatrix: 21
 7.8720e+004 -2.6591e+004 -2.6064e+004  5.2655e+002 -5.2655e+004  2.6064e+004 
-2.6591e+004  7.8720e+004  2.6064e+004 -5.2655e+004  5.2655e+002 -2.6064e+004 
-2.6064e+004  2.6064e+004  2.6064e+004  0.0000e+000  0.0000e+000 -2.6064e+004 
 5.2655e+002 -5.2655e+004  0.0000e+000  5.2655e+004 -5.2655e+002  0.0000e+000 
-5.2655e+004  5.2655e+002  0.0000e+000 -5.2655e+002  5.2655e+004  0.0000e+000 
 2.6064e+004 -2.6064e+004 -2.6064e+004  0.0000e+000  0.0000e+000  2.6064e+004 


Element Stiffnessmatrix: 22
 7.8720e+004 -2.6591e+004 -2.6064e+004  5.2655e+002 -5.2655e+004  2.6064e+004 
-2.6591e+004  7.8720e+004  2.6064e+004 -5.2655e+004  5.2655e+002 -2.6064e+004 
-2.6064e+004  2.6064e+004  2.6064e+004  0.0000e+000  0.0000e+000 -2.6064e+004 
 5.2655e+002 -5.2655e+004  0.0000e+000  5.2655e+004 -5.2655e+002  0.0000e+000 
-5.2655e+004  5.2655e+002  0.0000e+000 -5.2655e+002  5.2655e+004  0.0000e+000 
 2.6064e+004 -2.6064e+004 -2.6064e+004  0.0000e+000  0.0000e+000  2.6064e+004 


Element Stiffnessmatrix: 23
 7.8720e+004 -2.6591e+004 -2.6064e+004  5.2655e+002 -5.2655e+004  2.6064e+004 
-2.6591e+004  7.8720e+004  2.6064e+004 -5.2655e+004  5.2655e+002 -2.6064e+004 
-2.6064e+004  2.6064e+004  2.6064e+004  0.0000e+000  0.0000e+000 -2.6064e+004 
 5.2655e+002 -5.2655e+004  0.0000e+000  5.2655e+004 -5.2655e+002  0.0000e+000 
-5.2655e+004  5.2655e+002  0.0000e+000 -5.2655e+002  5.2655e+004  0.0000e+000 
 2.6064e+004 -2.6064e+004 -2.6064e+004  0.0000e+000  0.0000e+000  2.6064e+004 


Element Stiffnessmatrix: 24
 7.8720e+004 -2.6591e+004 -2.6064e+004  5.2655e+002 -5.2655e+004  2.6064e+004 
-2.6591e+004  7.8720e+004  2.6064e+004 -5.2655e+004  5.2655e+002 -2.6064e+004 
-2.6064e+004  2.6064e+004  2.6064e+004  0.0000e+000  0.0000e+000 -2.6064e+004 
 5.2655e+002 -5.2655e+004  0.0000e+000  5.2655e+004 -5.2655e+002  0.0000e+000 
-5.2655e+004  5.2655e+002  0.0000e+000 -5.2655e+002  5.2655e+004  0.0000e+000 
 2.6064e+004 -2.6064e+004 -2.6064e+004  0.0000e+000  0.0000e+000  2.6064e+004 


Element Stiffnessmatrix: 25
 7.8720e+004 -2.6591e+004 -2.6064e+004  5.2655e+002 -5.2655e+004  2.6064e+004 
-2.6591e+004  7.8720e+004  2.6064e+004 -5.2655e+004  5.2655e+002 -2.6064e+004 
-2.6064e+004  2.6064e+004  2.6064e+004  0.0000e+000  0.0000e+000 -2.6064e+004 
 5.2655e+002 -5.2655e+004  0.0000e+000  5.2655e+004 -5.2655e+002  0.0000e+000 
-5.2655e+004  5.2655e+002  0.0000e+000 -5.2655e+002  5.2655e+004  0.0000e+000 
 2.6064e+004 -2.6064e+004 -2.6064e+004  0.0000e+000  0.0000e+000  2.6064e+004 


Element Stiffnessmatrix: 26
 7.8720e+004 -2.6591e+004 -2.6064e+004  5.2655e+002 -5.2655e+004  2.6064e+004 
-2.6591e+004  7.8720e+004  2.6064e+004 -5.2655e+004  5.2655e+002 -2.6064e+004 
-2.6064e+004  2.6064e+004  2.6064e+004  0.0000e+000  0.0000e+000 -2.6064e+004 
 5.2655e+002 -5.2655e+004  0.0000e+000  5.2655e+004 -5.2655e+002  0.0000e+000 
-5.2655e+004  5.2655e+002  0.0000e+000 -5.2655e+002  5.2655e+004  0.0000e+000 
 2.6064e+004 -2.6064e+004 -2.6064e+004  0.0000e+000  0.0000e+000  2.6064e+004 


Element Stiffnessmatrix: 27
 7.8720e+004 -2.6591e+004 -2.6064e+004  5.2655e+002 -5.2655e+004  2.6064e+004 
-2.6591e+004  7.8720e+004  2.6064e+004 -5.2655e+004  5.2655e+002 -2.6064e+004 
-2.6064e+004  2.6064e+004  2.6064e+004  0.0000e+000  0.0000e+000 -2.6064e+004 
 5.2655e+002 -5.2655e+004  0.0000e+000  5.2655e+004 -5.2655e+002  0.0000e+000 
-5.2655e+004  5.2655e+002  0.0000e+000 -5.2655e+002  5.2655e+004  0.0000e+000 
 2.6064e+004 -2.6064e+004 -2.6064e+004  0.0000e+000  0.0000e+000  2.6064e+004 


Element Stiffnessmatrix: 28
 7.8720e+004 -2.6591e+004 -2.6064e+004  5.2655e+002 -5.2655e+004  2.6064e+004 
-2.6591e+004  7.8720e+004  2.6064e+004 -5.2655e+004  5.2655e+002 -2.6064e+004 
-2.6064e+004  2.6064e+004  2.6064e+004  0.0000e+000  0.0000e+000 -2.6064e+004 
 5.2655e+002 -5.2655e+004  0.0000e+000  5.2655e+004 -5.2655e+002  0.0000e+000 
-5.2655e+004  5.2655e+002  0.0000e+000 -5.2655e+002  5.2655e+004  0.0000e+000 
 2.6064e+004 -2.6064e+004 -2.6064e+004  0.0000e+000  0.0000e+000  2.6064e+004 


Element Stiffnessmatrix: 29
 7.8720e+004 -2.6591e+004 -2.6064e+004  5.2655e+002 -5.2655e+004  2.6064e+004 
-2.6591e+004  7.8720e+004  2.6064e+004 -5.2655e+004  5.2655e+002 -2.6064e+004 
-2.6064e+004  2.6064e+004  2.6064e+004  0.0000e+000  0.0000e+000 -2.6064e+004 
 5.2655e+002 -5.2655e+004  0.0000e+000  5.2655e+004 -5.2655e+002  0.0000e+000 
-5.2655e+004  5.2655e+002  0.0000e+000 -5.2655e+002  5.2655e+004  0.0000e+000 
 2.6064e+004 -2.6064e+004 -2.6064e+004  0.0000e+000  0.0000e+000  2.6064e+004 


Element Stiffnessmatrix: 30
 7.8720e+004 -2.6591e+004 -2.6064e+004  5.2655e+002 -5.2655e+004  2.6064e+004 
-2.6591e+004  7.8720e+004  2.6064e+004 -5.2655e+004  5.2655e+002 -2.6064e+004 
-2.6064e+004  2.6064e+004  2.6064e+004  0.0000e+000  0.0000e+000 -2.6064e+004 
 5.2655e+002 -5.2655e+004  0.0000e+000  5.2655e+004 -5.2655e+002  0.0000e+000 
-5.2655e+004  5.2655e+002  0.0000e+000 -5.2655e+002  5.2655e+004  0.0000e+000 
 2.6064e+004 -2.6064e+004 -2.6064e+004  0.0000e+000  0.0000e+000  2.6064e+004 


Element Stiffnessmatrix: 31
 7.8720e+004 -2.6591e+004 -2.6064e+004  5.2655e+002 -5.2655e+004  2.6064e+004 
-2.6591e+004  7.8720e+004  2.6064e+004 -5.2655e+004  5.2655e+002 -2.6064e+004 
-2.6064e+004  2.6064e+004  2.6064e+004  0.0000e+000  0.0000e+000 -2.6064e+004 
 5.2655e+002 -5.2655e+004  0.0000e+000  5.2655e+004 -5.2655e+002  0.0000e+000 
-5.2655e+004  5.2655e+002  0.0000e+000 -5.2655e+002  5.2655e+004  0.0000e+000 
 2.6064e+004 -2.6064e+004 -2.6064e+004  0.0000e+000  0.0000e+000  2.6064e+004 


Element Stiffnessmatrix: 32
 7.8720e+004 -2.6591e+004 -2.6064e+004  5.2655e+002 -5.2655e+004  2.6064e+004 
-2.6591e+004  7.8720e+004  2.6064e+004 -5.2655e+004  5.2655e+002 -2.6064e+004 
-2.6064e+004  2.6064e+004  2.6064e+004  0.0000e+000  0.0000e+000 -2.6064e+004 
 5.2655e+002 -5.2655e+004  0.0000e+000  5.2655e+004 -5.2655e+002  0.0000e+000 
-5.2655e+004  5.2655e+002  0.0000e+000 -5.2655e+002  5.2655e+004  0.0000e+000 
 2.6064e+004 -2.6064e+004 -2.6064e+004  0.0000e+000  0.0000e+000  2.6064e+004 


Element Stiffnessmatrix: 33
 7.8720e+004 -2.6591e+004 -2.6064e+004  5.2655e+002 -5.2655e+004  2.6064e+004 
-2.6591e+004  7.8720e+004  2.6064e+004 -5.2655e+004  5.2655e+002 -2.6064e+004 
-2.6064e+004  2.6064e+004  2.6064e+004  0.0000e+000  0.0000e+000 -2.6064e+004 
 5.2655e+002 -5.2655e+004  0.0000e+000  5.2655e+004 -5.2655e+002  0.0000e+000 
-5.2655e+004  5.2655e+002  0.0000e+000 -5.2655e+002  5.2655e+004  0.0000e+000 
 2.6064e+004 -2.6064e+004 -2.6064e+004  0.0000e+000  0.0000e+000  2.6064e+004 


Element Stiffnessmatrix: 34
 7.8720e+004 -2.6591e+004 -2.6064e+004  5.2655e+002 -5.2655e+004  2.6064e+004 
-2.6591e+004  7.8720e+004  2.6064e+004 -5.2655e+004  5.2655e+002 -2.6064e+004 
-2.6064e+004  2.6064e+004  2.6064e+004  0.0000e+000  0.0000e+000 -2.6064e+004 
 5.2655e+002 -5.2655e+004  0.0000e+000  5.2655e+004 -5.2655e+002  0.0000e+000 
-5.2655e+004  5.2655e+002  0.0000e+000 -5.2655e+002  5.2655e+004  0.0000e+000 
 2.6064e+004 -2.6064e+004 -2.6064e+004  0.0000e+000  0.0000e+000  2.6064e+004 


Element Stiffnessmatrix: 35
 7.8720e+004 -2.6591e+004 -2.6064e+004  5.2655e+002 -5.2655e+004  2.6064e+004 
-2.6591e+004  7.8720e+004  2.6064e+004 -5.2655e+004  5.2655e+002 -2.6064e+004 
-2.6064e+004  2.6064e+004  2.6064e+004  0.0000e+000  0.0000e+000 -2.6064e+004 
 5.2655e+002 -5.2655e+004  0.0000e+000  5.2655e+004 -5.2655e+002  0.0000e+000 
-5.2655e+004  5.2655e+002  0.0000e+000 -5.2655e+002  5.2655e+004  0.0000e+000 
 2.6064e+004 -2.6064e+004 -2.6064e+004  0.0000e+000  0.0000e+000  2.6064e+004 


Element Stiffnessmatrix: 36
 7.8720e+004 -2.6591e+004 -2.6064e+004  5.2655e+002 -5.2655e+004  2.6064e+004 
-2.6591e+004  7.8720e+004  2.6064e+004 -5.2655e+004  5.2655e+002 -2.6064e+004 
-2.6064e+004  2.6064e+004  2.6064e+004  0.0000e+000  0.0000e+000 -2.6064e+004 
 5.2655e+002 -5.2655e+004  0.0000e+000  5.2655e+004 -5.2655e+002  0.0000e+000 
-5.2655e+004  5.2655e+002  0.0000e+000 -5.2655e+002  5.2655e+004  0.0000e+000 
 2.6064e+004 -2.6064e+004 -2.6064e+004  0.0000e+000  0.0000e+000  2.6064e+004 


Element Stiffnessmatrix: 37
 7.8720e+004 -2.6591e+004 -2.6064e+004  5.2655e+002 -5.2655e+004  2.6064e+004 
-2.6591e+004  7.8720e+004  2.6064e+004 -5.2655e+004  5.2655e+002 -2.6064e+004 
-2.6064e+004  2.6064e+004  2.6064e+004  0.0000e+000  0.0000e+000 -2.6064e+004 
 5.2655e+002 -5.2655e+004  0.0000e+000  5.2655e+004 -5.2655e+002  0.0000e+000 
-5.2655e+004  5.2655e+002  0.0000e+000 -5.2655e+002  5.2655e+004  0.0000e+000 
 2.6064e+004 -2.6064e+004 -2.6064e+004  0.0000e+000  0.0000e+000  2.6064e+004 


Element Stiffnessmatrix: 38
 7.8720e+004 -2.6591e+004 -2.6064e+004  5.2655e+002 -5.2655e+004  2.6064e+004 
-2.6591e+004  7.8720e+004  2.6064e+004 -5.2655e+004  5.2655e+002 -2.6064e+004 
-2.6064e+004  2.6064e+004  2.6064e+004  0.0000e+000  0.0000e+000 -2.6064e+004 
 5.2655e+002 -5.2655e+004  0.0000e+000  5.2655e+004 -5.2655e+002  0.0000e+000 
-5.2655e+004  5.2655e+002  0.0000e+000 -5.2655e+002  5.2655e+004  0.0000e+000 
 2.6064e+004 -2.6064e+004 -2.6064e+004  0.0000e+000  0.0000e+000  2.6064e+004 


Element Stiffnessmatrix: 39
 7.8720e+004 -2.6591e+004 -2.6064e+004  5.2655e+002 -5.2655e+004  2.6064e+004 
-2.6591e+004  7.8720e+004  2.6064e+004 -5.2655e+004  5.2655e+002 -2.6064e+004 
-2.6064e+004  2.6064e+004  2.6064e+004  0.0000e+000  0.0000e+000 -2.6064e+004 
 5.2655e+002 -5.2655e+004  0.0000e+000  5.2655e+004 -5.2655e+002  0.0000e+000 
-5.2655e+004  5.2655e+002  0.0000e+000 -5.2655e+002  5.2655e+004  0.0000e+000 
 2.6064e+004 -2.6064e+004 -2.6064e+004  0.0000e+000  0.0000e+000  2.6064e+004 


Element Stiffnessmatrix: 40
 7.8720e+004 -2.6591e+004 -2.6064e+004  5.2655e+002 -5.2655e+004  2.6064e+004 
-2.6591e+004  7.8720e+004  2.6064e+004 -5.2655e+004  5.2655e+002 -2.6064e+004 
-2.6064e+004  2.6064e+004  2.6064e+004  0.0000e+000  0.0000e+000 -2.6064e+004 
 5.2655e+002 -5.2655e+004  0.0000e+000  5.2655e+004 -5.2655e+002  0.0000e+000 
-5.2655e+004  5.2655e+002  0.0000e+000 -5.2655e+002  5.2655e+004  0.0000e+000 
 2.6064e+004 -2.6064e+004 -2.6064e+004  0.0000e+000  0.0000e+000  2.6064e+004 


Element Stiffnessmatrix: 41
 7.8720e+004 -2.6591e+004 -2.6064e+004  5.2655e+002 -5.2655e+004  2.6064e+004 
-2.6591e+004  7.8720e+004  2.6064e+004 -5.2655e+004  5.2655e+002 -2.6064e+004 
-2.6064e+004  2.6064e+004  2.6064e+004  0.0000e+000  0.0000e+000 -2.6064e+004 
 5.2655e+002 -5.2655e+004  0.0000e+000  5.2655e+004 -5.2655e+002  0.0000e+000 
-5.2655e+004  5.2655e+002  0.0000e+000 -5.2655e+002  5.2655e+004  0.0000e+000 
 2.6064e+004 -2.6064e+004 -2.6064e+004  0.0000e+000  0.0000e+000  2.6064e+004 


Element Stiffnessmatrix: 42
 7.8720e+004 -2.6591e+004 -2.6064e+004  5.2655e+002 -5.2655e+004  2.6064e+004 
-2.6591e+004  7.8720e+004  2.6064e+004 -5.2655e+004  5.2655e+002 -2.6064e+004 
-2.6064e+004  2.6064e+004  2.6064e+004  0.0000e+000  0.0000e+000 -2.6064e+004 
 5.2655e+002 -5.2655e+004  0.0000e+000  5.2655e+004 -5.2655e+002  0.0000e+000 
-5.2655e+004  5.2655e+002  0.0000e+000 -5.2655e+002  5.2655e+004  0.0000e+000 
 2.6064e+004 -2.6064e+004 -2.6064e+004  0.0000e+000  0.0000e+000  2.6064e+004 


Element Stiffnessmatrix: 43
 7.8720e+004 -2.6591e+004 -2.6064e+004  5.2655e+002 -5.2655e+004  2.6064e+004 
-2.6591e+004  7.8720e+004  2.6064e+004 -5.2655e+004  5.2655e+002 -2.6064e+004 
-2.6064e+004  2.6064e+004  2.6064e+004  0.0000e+000  0.0000e+000 -2.6064e+004 
 5.2655e+002 -5.2655e+004  0.0000e+000  5.2655e+004 -5.2655e+002  0.0000e+000 
-5.2655e+004  5.2655e+002  0.0000e+000 -5.2655e+002  5.2655e+004  0.0000e+000 
 2.6064e+004 -2.6064e+004 -2.6064e+004  0.0000e+000  0.0000e+000  2.6064e+004 


Element Stiffnessmatrix: 44
 7.8720e+004 -2.6591e+004 -2.6064e+004  5.2655e+002 -5.2655e+004  2.6064e+004 
-2.6591e+004  7.8720e+004  2.6064e+004 -5.2655e+004  5.2655e+002 -2.6064e+004 
-2.6064e+004  2.6064e+004  2.6064e+004  0.0000e+000  0.0000e+000 -2.6064e+004 
 5.2655e+002 -5.2655e+004  0.0000e+000  5.2655e+004 -5.2655e+002  0.0000e+000 
-5.2655e+004  5.2655e+002  0.0000e+000 -5.2655e+002  5.2655e+004  0.0000e+000 
 2.6064e+004 -2.6064e+004 -2.6064e+004  0.0000e+000  0.0000e+000  2.6064e+004 


Element Stiffnessmatrix: 45
 7.8720e+004 -2.6591e+004 -2.6064e+004  5.2655e+002 -5.2655e+004  2.6064e+004 
-2.6591e+004  7.8720e+004  2.6064e+004 -5.2655e+004  5.2655e+002 -2.6064e+004 
-2.6064e+004  2.6064e+004  2.6064e+004  0.0000e+000  0.0000e+000 -2.6064e+004 
 5.2655e+002 -5.2655e+004  0.0000e+000  5.2655e+004 -5.2655e+002  0.0000e+000 
-5.2655e+004  5.2655e+002  0.0000e+000 -5.2655e+002  5.2655e+004  0.0000e+000 
 2.6064e+004 -2.6064e+004 -2.6064e+004  0.0000e+000  0.0000e+000  2.6064e+004 


Element Stiffnessmatrix: 46
 7.8720e+004 -2.6591e+004 -2.6064e+004  5.2655e+002 -5.2655e+004  2.6064e+004 
-2.6591e+004  7.8720e+004  2.6064e+004 -5.2655e+004  5.2655e+002 -2.6064e+004 
-2.6064e+004  2.6064e+004  2.6064e+004  0.0000e+000  0.0000e+000 -2.6064e+004 
 5.2655e+002 -5.2655e+004  0.0000e+000  5.2655e+004 -5.2655e+002  0.0000e+000 
-5.2655e+004  5.2655e+002  0.0000e+000 -5.2655e+002  5.2655e+004  0.0000e+000 
 2.6064e+004 -2.6064e+004 -2.6064e+004  0.0000e+000  0.0000e+000  2.6064e+004 


Element Stiffnessmatrix: 47
 7.8720e+004 -2.6591e+004 -2.6064e+004  5.2655e+002 -5.2655e+004  2.6064e+004 
-2.6591e+004  7.8720e+004  2.6064e+004 -5.2655e+004  5.2655e+002 -2.6064e+004 
-2.6064e+004  2.6064e+004  2.6064e+004  0.0000e+000  0.0000e+000 -2.6064e+004 
 5.2655e+002 -5.2655e+004  0.0000e+000  5.2655e+004 -5.2655e+002  0.0000e+000 
-5.2655e+004  5.2655e+002  0.0000e+000 -5.2655e+002  5.2655e+004  0.0000e+000 
 2.6064e+004 -2.6064e+004 -2.6064e+004  0.0000e+000  0.0000e+000  2.6064e+004 


Element Stiffnessmatrix: 48
 7.8720e+004 -2.6591e+004 -2.6064e+004  5.2655e+002 -5.2655e+004  2.6064e+004 
-2.6591e+004  7.8720e+004  2.6064e+004 -5.2655e+004  5.2655e+002 -2.6064e+004 
-2.6064e+004  2.6064e+004  2.6064e+004  0.0000e+000  0.0000e+000 -2.6064e+004 
 5.2655e+002 -5.2655e+004  0.0000e+000  5.2655e+004 -5.2655e+002  0.0000e+000 
-5.2655e+004  5.2655e+002  0.0000e+000 -5.2655e+002  5.2655e+004  0.0000e+000 
 2.6064e+004 -2.6064e+004 -2.6064e+004  0.0000e+000  0.0000e+000  2.6064e+004 


Element Stiffnessmatrix: 49
 7.8720e+004 -2.6591e+004 -2.6064e+004  5.2655e+002 -5.2655e+004  2.6064e+004 
-2.6591e+004  7.8720e+004  2.6064e+004 -5.2655e+004  5.2655e+002 -2.6064e+004 
-2.6064e+004  2.6064e+004  2.6064e+004  0.0000e+000  0.0000e+000 -2.6064e+004 
 5.2655e+002 -5.2655e+004  0.0000e+000  5.2655e+004 -5.2655e+002  0.0000e+000 
-5.2655e+004  5.2655e+002  0.0000e+000 -5.2655e+002  5.2655e+004  0.0000e+000 
 2.6064e+004 -2.6064e+004 -2.6064e+004  0.0000e+000  0.0000e+000  2.6064e+004 


Element Stiffnessmatrix: 50
 7.8720e+004 -2.6591e+004 -2.6064e+004  5.2655e+002 -5.2655e+004  2.6064e+004 
-2.6591e+004  7.8720e+004  2.6064e+004 -5.2655e+004  5.2655e+002 -2.6064e+004 
-2.6064e+004  2.6064e+004  2.6064e+004  0.0000e+000  0.0000e+000 -2.6064e+004 
 5.2655e+002 -5.2655e+004  0.0000e+000  5.2655e+004 -5.2655e+002  0.0000e+000 
-5.2655e+004  5.2655e+002  0.0000e+000 -5.2655e+002  5.2655e+004  0.0000e+000 
 2.6064e+004 -2.6064e+004 -2.6064e+004  0.0000e+000  0.0000e+000  2.6064e+004 


Element Stiffnessmatrix: 51
 7.8720e+004 -2.6591e+004 -2.6064e+004  5.2655e+002 -5.2655e+004  2.6064e+004 
-2.6591e+004  7.8720e+004  2.6064e+004 -5.2655e+004  5.2655e+002 -2.6064e+004 
-2.6064e+004  2.6064e+004  2.6064e+004  0.0000e+000  0.0000e+000 -2.6064e+004 
 5.2655e+002 -5.2655e+004  0.0000e+000  5.2655e+004 -5.2655e+002  0.0000e+000 
-5.2655e+004  5.2655e+002  0.0000e+000 -5.2655e+002  5.2655e+004  0.0000e+000 
 2.6064e+004 -2.6064e+004 -2.6064e+004  0.0000e+000  0.0000e+000  2.6064e+004 


Element Stiffnessmatrix: 52
 7.8720e+004 -2.6591e+004 -2.6064e+004  5.2655e+002 -5.2655e+004  2.6064e+004 
-2.6591e+004  7.8720e+004  2.6064e+004 -5.2655e+004  5.2655e+002 -2.6064e+004 
-2.6064e+004  2.6064e+004  2.6064e+004  0.0000e+000  0.0000e+000 -2.6064e+004 
 5.2655e+002 -5.2655e+004  0.0000e+000  5.2655e+004 -5.2655e+002  0.0000e+000 
-5.2655e+004  5.2655e+002  0.0000e+000 -5.2655e+002  5.2655e+004  0.0000e+000 
 2.6064e+004 -2.6064e+004 -2.6064e+004  0.0000e+000  0.0000e+000  2.6064e+004 


Element Stiffnessmatrix: 53
 7.8720e+004 -2.6591e+004 -2.6064e+004  5.2655e+002 -5.2655e+004  2.6064e+004 
-2.6591e+004  7.8720e+004  2.6064e+004 -5.2655e+004  5.2655e+002 -2.6064e+004 
-2.6064e+004  2.6064e+004  2.6064e+004  0.0000e+000  0.0000e+000 -2.6064e+004 
 5.2655e+002 -5.2655e+004  0.0000e+000  5.2655e+004 -5.2655e+002  0.0000e+000 
-5.2655e+004  5.2655e+002  0.0000e+000 -5.2655e+002  5.2655e+004  0.0000e+000 
 2.6064e+004 -2.6064e+004 -2.6064e+004  0.0000e+000  0.0000e+000  2.6064e+004 


Element Stiffnessmatrix: 54
 7.8720e+004 -2.6591e+004 -2.6064e+004  5.2655e+002 -5.2655e+004  2.6064e+004 
-2.6591e+004  7.8720e+004  2.6064e+004 -5.2655e+004  5.2655e+002 -2.6064e+004 
-2.6064e+004  2.6064e+004  2.6064e+004  0.0000e+000  0.0000e+000 -2.6064e+004 
 5.2655e+002 -5.2655e+004  0.0000e+000  5.2655e+004 -5.2655e+002  0.0000e+000 
-5.2655e+004  5.2655e+002  0.0000e+000 -5.2655e+002  5.2655e+004  0.0000e+000 
 2.6064e+004 -2.6064e+004 -2.6064e+004  0.0000e+000  0.0000e+000  2.6064e+004 


Element Stiffnessmatrix: 55
 7.8720e+004 -2.6591e+004 -2.6064e+004  5.2655e+002 -5.2655e+004  2.6064e+004 
-2.6591e+004  7.8720e+004  2.6064e+004 -5.2655e+004  5.2655e+002 -2.6064e+004 
-2.6064e+004  2.6064e+004  2.6064e+004  0.0000e+000  0.0000e+000 -2.6064e+004 
 5.2655e+002 -5.2655e+004  0.0000e+000  5.2655e+004 -5.2655e+002  0.0000e+000 
-5.2655e+004  5.2655e+002  0.0000e+000 -5.2655e+002  5.2655e+004  0.0000e+000 
 2.6064e+004 -2.6064e+004 -2.6064e+004  0.0000e+000  0.0000e+000  2.6064e+004 


Element Stiffnessmatrix: 56
 7.8720e+004 -2.6591e+004 -2.6064e+004  5.2655e+002 -5.2655e+004  2.6064e+004 
-2.6591e+004  7.8720e+004  2.6064e+004 -5.2655e+004  5.2655e+002 -2.6064e+004 
-2.6064e+004  2.6064e+004  2.6064e+004  0.0000e+000  0.0000e+000 -2.6064e+004 
 5.2655e+002 -5.2655e+004  0.0000e+000  5.2655e+004 -5.2655e+002  0.0000e+000 
-5.2655e+004  5.2655e+002  0.0000e+000 -5.2655e+002  5.2655e+004  0.0000e+000 
 2.6064e+004 -2.6064e+004 -2.6064e+004  0.0000e+000  0.0000e+000  2.6064e+004 


Element Stiffnessmatrix: 57
 7.8720e+004 -2.6591e+004 -2.6064e+004  5.2655e+002 -5.2655e+004  2.6064e+004 
-2.6591e+004  7.8720e+004  2.6064e+004 -5.2655e+004  5.2655e+002 -2.6064e+004 
-2.6064e+004  2.6064e+004  2.6064e+004  0.0000e+000  0.0000e+000 -2.6064e+004 
 5.2655e+002 -5.2655e+004  0.0000e+000  5.2655e+004 -5.2655e+002  0.0000e+000 
-5.2655e+004  5.2655e+002  0.0000e+000 -5.2655e+002  5.2655e+004  0.0000e+000 
 2.6064e+004 -2.6064e+004 -2.6064e+004  0.0000e+000  0.0000e+000  2.6064e+004 


Element Stiffnessmatrix: 58
 7.8720e+004 -2.6591e+004 -2.6064e+004  5.2655e+002 -5.2655e+004  2.6064e+004 
-2.6591e+004  7.8720e+004  2.6064e+004 -5.2655e+004  5.2655e+002 -2.6064e+004 
-2.6064e+004  2.6064e+004  2.6064e+004  0.0000e+000  0.0000e+000 -2.6064e+004 
 5.2655e+002 -5.2655e+004  0.0000e+000  5.2655e+004 -5.2655e+002  0.0000e+000 
-5.2655e+004  5.2655e+002  0.0000e+000 -5.2655e+002  5.2655e+004  0.0000e+000 
 2.6064e+004 -2.6064e+004 -2.6064e+004  0.0000e+000  0.0000e+000  2.6064e+004 


Element Stiffnessmatrix: 59
 7.8720e+004 -2.6591e+004 -2.6064e+004  5.2655e+002 -5.2655e+004  2.6064e+004 
-2.6591e+004  7.8720e+004  2.6064e+004 -5.2655e+004  5.2655e+002 -2.6064e+004 
