################# FESOLVE #################						    


Model-Data:

Node: Number / X / Y / Z / Fx / Fy / Fz / Fxx / Fyy / Fzz / Cx / Cy / Cz / Cxx / Cyy / Czz
         1      1.000      0.000      0.000      0.000   -400.000      0.000      0.000      0.000      0.000          0          0          0          0          0          0 
         2      1.000     -0.200      0.000      0.000      0.000      0.000      0.000      0.000      0.000          0          0          0          0          0          0 
         3      0.000      0.000      0.000      0.000   -400.000      0.000      0.000      0.000      0.000          1          1          0          0          0          0 
         4     -0.000     -0.503      0.000      0.000      0.000      0.000      0.000      0.000      0.000          1          1          0          0          0          0 
         5      0.750      0.000      0.000      0.000   -400.000      0.000      0.000      0.000      0.000          0          0          0          0          0          0 
         6      0.500      0.000      0.000      0.000   -400.000      0.000      0.000      0.000      0.000          0          0          0          0          0          0 
         7      0.250      0.000      0.000      0.000   -400.000      0.000      0.000      0.000      0.000          0          0          0          0          0          0 
         8      1.000     -0.100      0.000      0.000      0.000      0.000      0.000      0.000      0.000          0          0          0          0          0          0 
         9      0.000     -0.168      0.000      0.000      0.000      0.000      0.000      0.000      0.000          1          1          0          0          0          0 
        10      0.000     -0.336      0.000      0.000      0.000      0.000      0.000      0.000      0.000          1          1          0          0          0          0 
        11      0.230     -0.373      0.000      0.000      0.000      0.000      0.000      0.000      0.000          0          0          0          0          0          0 
        12      0.477     -0.278      0.000      0.000      0.000      0.000      0.000      0.000      0.000          0          0          0          0          0          0 
        13      0.736     -0.219      0.000      0.000      0.000      0.000      0.000      0.000      0.000          0          0          0          0          0          0 
        14      0.191     -0.189      0.000      0.000      0.000      0.000      0.000      0.000      0.000          0          0          0          0          0          0 
        15      0.870     -0.106      0.000      0.000      0.000      0.000      0.000      0.000      0.000          0          0          0          0          0          0 

Element: Number / NumberOfNodes / Dimension
    1     3     2 
    2     3     2 
    3     3     2 
    4     3     2 
    5     3     2 
    6     3     2 
    7     3     2 
    8     3     2 
    9     3     2 
   10     3     2 
   11     3     2 
   12     3     2 
   13     3     2 
   14     3     2 
   15     3     2 

Material: Number / EModul / Nue
    1 2.100e+007 3.000e-001 

Element Stiffnessmatrix: 1
 1.2482e+007  6.7242e+006 -3.8680e+006 -1.1925e+006 -8.6137e+006 -5.5317e+006 
 6.7242e+006  1.6952e+007 -3.8656e+004  1.1530e+007 -6.6855e+006 -2.8482e+007 
-3.8680e+006 -3.8656e+004  1.6132e+007 -8.3090e+006 -1.2264e+007  8.3476e+006 
-1.1925e+006  1.1530e+007 -8.3090e+006  1.8837e+007  9.5015e+006 -3.0367e+007 
-8.6137e+006 -6.6855e+006 -1.2264e+007  9.5015e+006  2.0877e+007 -2.8160e+006 
-5.5317e+006 -2.8482e+007  8.3476e+006 -3.0367e+007 -2.8160e+006  5.8849e+007 


Element Stiffnessmatrix: 2
 1.3489e+007  6.8450e+006 -1.8850e+007 -7.2687e+006  5.3607e+006  4.2369e+005 
 6.8450e+006  1.5153e+007 -6.1149e+006 -5.3658e+006 -7.3015e+005 -9.7869e+006 
-1.8850e+007 -6.1149e+006  4.0159e+007 -1.6757e+006 -2.1308e+007  7.7905e+006 
-7.2687e+006 -5.3658e+006 -1.6757e+006  1.4201e+007  8.9444e+006 -8.8351e+006 
 5.3607e+006 -7.3015e+005 -2.1308e+007  8.9444e+006  1.5948e+007 -8.2142e+006 
 4.2369e+005 -9.7869e+006  7.7905e+006 -8.8351e+006 -8.2142e+006  1.8622e+007 


Element Stiffnessmatrix: 3
 9.2001e+006  0.0000e+000 -8.6808e+006 -8.0769e+006 -5.1925e+005  8.0769e+006 
 0.0000e+000  2.6286e+007 -6.9231e+006 -2.4802e+007  6.9231e+006 -1.4836e+006 
-8.6808e+006 -6.9231e+006  2.8451e+007  1.4153e+007 -1.9770e+007 -7.2303e+006 
-8.0769e+006 -2.4802e+007  1.4153e+007  3.0493e+007 -6.0765e+006 -5.6910e+006 
-5.1925e+005  6.9231e+006 -1.9770e+007 -6.0765e+006  2.0289e+007 -8.4660e+005 
 8.0769e+006 -1.4836e+006 -7.2303e+006 -5.6910e+006 -8.4660e+005  7.1746e+006 


Element Stiffnessmatrix: 4
 2.5302e+007 -1.3309e+006 -5.9459e+006  7.2014e+006 -1.9356e+007 -5.8704e+006 
-1.3309e+006  9.0013e+006  8.3552e+006 -3.7541e+006 -7.0243e+006 -5.2472e+006 
-5.9459e+006  8.3552e+006  8.7641e+006 -3.1948e+006 -2.8181e+006 -5.1604e+006 
 7.2014e+006 -3.7541e+006 -3.1948e+006  2.2273e+007 -4.0065e+006 -1.8519e+007 
-1.9356e+007 -7.0243e+006 -2.8181e+006 -4.0065e+006  2.2174e+007  1.1031e+007 
-5.8704e+006 -5.2472e+006 -5.1604e+006 -1.8519e+007  1.1031e+007  2.3766e+007 


Element Stiffnessmatrix: 5
 7.2762e+006  0.0000e+000 -6.6211e+006 -8.0769e+006 -6.5515e+005  8.0769e+006 
 0.0000e+000  2.0789e+007 -6.9231e+006 -1.8917e+007  6.9231e+006 -1.8719e+006 
-6.6211e+006 -6.9231e+006  3.1641e+007  1.3649e+007 -2.5020e+007 -6.7263e+006 
-8.0769e+006 -1.8917e+007  1.3649e+007  2.6180e+007 -5.5725e+006 -7.2624e+006 
-6.5515e+005  6.9231e+006 -2.5020e+007 -5.5725e+006  2.5675e+007 -1.3506e+006 
 8.0769e+006 -1.8719e+006 -6.7263e+006 -7.2624e+006 -1.3506e+006  9.1343e+006 


Element Stiffnessmatrix: 6
 1.4375e+007 -2.8362e+006  4.1455e+006  5.6048e+006 -1.8520e+007 -2.7686e+006 
-2.8362e+006  6.2335e+006  6.7586e+006 -4.3490e+006 -3.9224e+006 -1.8845e+006 
 4.1455e+006  6.7586e+006  1.4162e+007  6.3595e+006 -1.8307e+007 -1.3118e+007 
 5.6048e+006 -4.3490e+006  6.3595e+006  3.2936e+007 -1.1964e+007 -2.8587e+007 
-1.8520e+007 -3.9224e+006 -1.8307e+007 -1.1964e+007  3.6828e+007  1.5887e+007 
-2.7686e+006 -1.8845e+006 -1.3118e+007 -2.8587e+007  1.5887e+007  3.0471e+007 


Element Stiffnessmatrix: 7
 1.6062e+007  2.2341e+006 -6.5913e+006  5.7619e+006 -9.4704e+006 -7.9960e+006 
 2.2341e+006  6.2777e+006  6.9157e+006  1.7572e+006 -9.1498e+006 -8.0349e+006 
-6.5913e+006  6.9157e+006  1.4310e+007 -7.1930e+006 -7.7182e+006  2.7727e+005 
 5.7619e+006  1.7572e+006 -7.1930e+006  3.0183e+007  1.4311e+006 -3.1940e+007 
-9.4704e+006 -9.1498e+006 -7.7182e+006  1.4311e+006  1.7189e+007  7.7187e+006 
-7.9960e+006 -8.0349e+006  2.7727e+005 -3.1940e+007  7.7187e+006  3.9975e+007 


Element Stiffnessmatrix: 8
 1.9273e+007 -1.0241e+007 -5.6136e+006  4.3088e+006 -1.3660e+007  5.9325e+006 
-1.0241e+007  2.4776e+007  5.4626e+006 -2.3771e+007  4.7787e+006 -1.0054e+006 
-5.6136e+006  5.4626e+006  1.1306e+007  3.1617e+006 -5.6924e+006 -8.6243e+006 
 4.3088e+006 -2.3771e+007  3.1617e+006  3.0329e+007 -7.4705e+006 -6.5583e+006 
-1.3660e+007  4.7787e+006 -5.6924e+006 -7.4705e+006  1.9352e+007  2.6918e+006 
 5.9325e+006 -1.0054e+006 -8.6243e+006 -6.5583e+006  2.6918e+006  7.5637e+006 


Element Stiffnessmatrix: 9
 1.6808e+007 -1.7199e+003 -1.3075e+007  6.9244e+006 -3.7336e+006 -6.9227e+006 
-1.7199e+003  5.8830e+006  8.0783e+006 -4.5794e+006 -8.0765e+006 -1.3036e+006 
-1.3075e+007  8.0783e+006  2.1260e+007 -1.1668e+007 -8.1848e+006  3.5897e+006 
 6.9244e+006 -4.5794e+006 -1.1668e+007  3.5248e+007  4.7436e+006 -3.0668e+007 
-3.7336e+006 -8.0765e+006 -8.1848e+006  4.7436e+006  1.1918e+007  3.3330e+006 
-6.9227e+006 -1.3036e+006  3.5897e+006 -3.0668e+007  3.3330e+006  3.1972e+007 


Element Stiffnessmatrix: 10
 9.5116e+006  1.9385e+006 -2.6261e+006 -8.0769e+006 -6.8855e+006  6.1384e+006 
 1.9385e+006  2.6325e+007 -6.9231e+006 -9.1915e+005  4.9846e+006 -2.5406e+007 
-2.6261e+006 -6.9231e+006  2.0321e+007  0.0000e+000 -1.7695e+007  6.9231e+006 
-8.0769e+006 -9.1915e+005  0.0000e+000  7.1124e+006  8.0769e+006 -6.1933e+006 
-6.8855e+006  4.9846e+006 -1.7695e+007  8.0769e+006  2.4580e+007 -1.3062e+007 
 6.1384e+006 -2.5406e+007  6.9231e+006 -6.1933e+006 -1.3062e+007  3.1599e+007 


Element Stiffnessmatrix: 11
 3.5086e+007  1.6938e+007 -2.2949e+007 -8.0769e+006 -1.2137e+007 -8.8614e+006 
 1.6938e+007  3.5275e+007 -6.9231e+006 -8.0320e+006 -1.0015e+007 -2.7243e+007 
-2.2949e+007 -6.9231e+006  2.0322e+007  0.0000e+000  2.6261e+006  6.9231e+006 
-8.0769e+006 -8.0320e+006  0.0000e+000  7.1128e+006  8.0769e+006  9.1915e+005 
-1.2137e+007 -1.0015e+007  2.6261e+006  8.0769e+006  9.5111e+006  1.9384e+006 
-8.8614e+006 -2.7243e+007  6.9231e+006  9.1915e+005  1.9384e+006  2.6324e+007 


Element Stiffnessmatrix: 12
 1.8091e+007 -3.5694e+006 -2.5363e+006  6.9231e+006 -1.5555e+007 -3.3537e+006 
-3.5694e+006  7.8451e+006  8.0769e+006 -7.2465e+006 -4.5075e+006 -5.9858e+005 
-2.5363e+006  8.0769e+006  1.0658e+007  0.0000e+000 -8.1221e+006 -8.0769e+006 
 6.9231e+006 -7.2465e+006  0.0000e+000  3.0453e+007 -6.9231e+006 -2.3206e+007 
-1.5555e+007 -4.5075e+006 -8.1221e+006 -6.9231e+006  2.3677e+007  1.1431e+007 
-3.3537e+006 -5.9858e+005 -8.0769e+006 -2.3206e+007  1.1431e+007  2.3805e+007 


Element Stiffnessmatrix: 13
 1.4969e+007 -7.8300e+006 -9.9569e+006  6.9231e+006 -5.0123e+006  9.0692e+005 
-7.8300e+006  1.8270e+007  8.0769e+006 -2.8448e+007 -2.4692e+005  1.0178e+007 
-9.9569e+006  8.0769e+006  1.9075e+007  0.0000e+000 -9.1176e+006 -8.0769e+006 
 6.9231e+006 -2.8448e+007  0.0000e+000  5.4499e+007 -6.9231e+006 -2.6050e+007 
-5.0123e+006 -2.4692e+005 -9.1176e+006 -6.9231e+006  1.4130e+007  7.1700e+006 
 9.0692e+005  1.0178e+007 -8.0769e+006 -2.6050e+007  7.1700e+006  1.5872e+007 


Element Stiffnessmatrix: 14
 1.0601e+007 -8.7900e+005  1.0363e+006 -8.0769e+006 -1.1637e+007  8.9559e+006 
-8.7900e+005  3.0137e+007 -6.9231e+006  3.6269e+005  7.8021e+006 -3.0499e+007 
 1.0363e+006 -6.9231e+006  1.7683e+007  0.0000e+000 -1.8720e+007  6.9231e+006 
-8.0769e+006  3.6269e+005  0.0000e+000  6.1892e+006  8.0769e+006 -6.5519e+006 
-1.1637e+007  7.8021e+006 -1.8720e+007  8.0769e+006  3.0357e+007 -1.5879e+007 
 8.9559e+006 -3.0499e+007  6.9231e+006 -6.5519e+006 -1.5879e+007  3.7051e+007 


Element Stiffnessmatrix: 15
 2.6212e+007  1.4121e+007 -1.6647e+007 -8.0769e+006 -9.5649e+006 -6.0441e+006 
 1.4121e+007  3.5600e+007 -6.9231e+006 -5.8265e+006 -7.1979e+006 -2.9774e+007 
-1.6647e+007 -6.9231e+006  1.7683e+007  0.0000e+000 -1.0363e+006  6.9231e+006 
-8.0769e+006 -5.8265e+006  0.0000e+000  6.1892e+006  8.0769e+006 -3.6269e+005 
-9.5649e+006 -7.1979e+006 -1.0363e+006  8.0769e+006  1.0601e+007 -8.7900e+005 
-6.0441e+006 -2.9774e+007  6.9231e+006 -3.6269e+005 -8.7900e+005  3.0137e+007 


SystemStiffnessMatrix:
 2.4731e+007  6.2910e+006  0.0000e+000  0.0000e+000 -5.0123e+006 -2.4692e+005  0.0000e+000  0.0000e+000  0.0000e+000  0.0000e+000 -1.1637e+007  8.9559e+006  0.0000e+000  0.0000e+000  0.0000e+000  0.0000e+000  0.0000e+000  0.0000e+000  0.0000e+000  0.0000e+000 -8.0814e+006 -1.5000e+007 
 6.2910e+006  4.6009e+007  0.0000e+000  0.0000e+000  9.0692e+005  1.0178e+007  0.0000e+000  0.0000e+000  0.0000e+000  0.0000e+000  7.8021e+006 -3.0499e+007  0.0000e+000  0.0000e+000  0.0000e+000  0.0000e+000  0.0000e+000  0.0000e+000  0.0000e+000  0.0000e+000 -1.5000e+007 -2.5688e+007 
 0.0000e+000  0.0000e+000  2.6733e+007 -9.1880e+006  0.0000e+000  0.0000e+000  0.0000e+000  0.0000e+000  0.0000e+000  0.0000e+000 -9.5649e+006 -7.1979e+006  0.0000e+000  0.0000e+000  0.0000e+000  0.0000e+000 -3.8680e+006 -3.8656e+004  0.0000e+000  0.0000e+000 -1.3300e+007  1.6425e+007 
 0.0000e+000  0.0000e+000 -9.1880e+006  4.8973e+007  0.0000e+000  0.0000e+000  0.0000e+000  0.0000e+000  0.0000e+000  0.0000e+000 -6.0441e+006 -2.9774e+007  0.0000e+000  0.0000e+000  0.0000e+000  0.0000e+000 -1.1925e+006  1.1530e+007  0.0000e+000  0.0000e+000  1.6425e+007 -3.0729e+007 
-5.0123e+006  9.0692e+005  0.0000e+000  0.0000e+000  5.9368e+007 -1.8908e+006 -1.9770e+007 -7.2303e+006  0.0000e+000  0.0000e+000  0.0000e+000  0.0000e+000  0.0000e+000  0.0000e+000  0.0000e+000  0.0000e+000 -3.3202e+006 -7.6532e+006  0.0000e+000  0.0000e+000 -3.1265e+007  1.5867e+007 
-2.4692e+005  1.0178e+007  0.0000e+000  0.0000e+000 -1.8908e+006  6.7385e+007 -6.0765e+006 -5.6910e+006  0.0000e+000  0.0000e+000  0.0000e+000  0.0000e+000  0.0000e+000  0.0000e+000  0.0000e+000  0.0000e+000 -7.6532e+006 -3.4589e+007  0.0000e+000  0.0000e+000  1.5867e+007 -3.7283e+007 
 0.0000e+000  0.0000e+000  0.0000e+000  0.0000e+000 -1.9770e+007 -6.0765e+006  6.0694e+007  9.6080e+006 -2.5020e+007 -6.7263e+006  0.0000e+000  0.0000e+000  0.0000e+000  0.0000e+000 -9.4392e+006 -1.2083e+007 -6.4652e+006  1.5278e+007  0.0000e+000  0.0000e+000  0.0000e+000  0.0000e+000 
 0.0000e+000  0.0000e+000  0.0000e+000  0.0000e+000 -7.2303e+006 -5.6910e+006  9.6080e+006  5.5627e+007 -5.5725e+006 -7.2624e+006  0.0000e+000  0.0000e+000  0.0000e+000  0.0000e+000 -1.2083e+007 -3.7436e+007  1.5278e+007 -5.2377e+006  0.0000e+000  0.0000e+000  0.0000e+000  0.0000e+000 
 0.0000e+000  0.0000e+000  0.0000e+000  0.0000e+000  0.0000e+000  0.0000e+000 -2.5020e+007 -5.5725e+006  6.3514e+007  1.6440e+007  0.0000e+000  0.0000e+000  0.0000e+000  0.0000e+000  3.4903e+006  1.3682e+007  0.0000e+000  0.0000e+000 -2.6429e+007 -2.0041e+007  0.0000e+000  0.0000e+000 
 0.0000e+000  0.0000e+000  0.0000e+000  0.0000e+000  0.0000e+000  0.0000e+000 -6.7263e+006 -7.2624e+006  1.6440e+007  6.5874e+007  0.0000e+000  0.0000e+000  0.0000e+000  0.0000e+000  1.3682e+007 -6.2209e+006  0.0000e+000  0.0000e+000 -2.0041e+007 -5.1793e+007  0.0000e+000  0.0000e+000 
-1.1637e+007  7.8021e+006 -9.5649e+006 -6.0441e+006  0.0000e+000  0.0000e+000  0.0000e+000  0.0000e+000  0.0000e+000  0.0000e+000  5.6569e+007 -1.7580e+006  0.0000e+000  0.0000e+000  0.0000e+000  0.0000e+000  0.0000e+000  0.0000e+000  0.0000e+000  0.0000e+000 -3.5367e+007  0.0000e+000 
 8.9559e+006 -3.0499e+007 -7.1979e+006 -2.9774e+007  0.0000e+000  0.0000e+000  0.0000e+000  0.0000e+000  0.0000e+000  0.0000e+000 -1.7580e+006  7.2652e+007  0.0000e+000  0.0000e+000  0.0000e+000  0.0000e+000  0.0000e+000  0.0000e+000  0.0000e+000  0.0000e+000  0.0000e+000 -1.2378e+007 
 0.0000e+000  0.0000e+000  0.0000e+000  0.0000e+000  0.0000e+000  0.0000e+000  0.0000e+000  0.0000e+000  0.0000e+000  0.0000e+000  0.0000e+000  0.0000e+000  5.3270e+007 -2.5243e+006 -9.4704e+006 -9.1498e+006  0.0000e+000  0.0000e+000 -1.3332e+007  5.7399e+006  0.0000e+000  0.0000e+000 
 0.0000e+000  0.0000e+000  0.0000e+000  0.0000e+000  0.0000e+000  0.0000e+000  0.0000e+000  0.0000e+000  0.0000e+000  0.0000e+000  0.0000e+000  0.0000e+000 -2.5243e+006  7.0634e+007 -7.9960e+006 -8.0349e+006  0.0000e+000  0.0000e+000  5.7399e+006 -5.5711e+007  0.0000e+000  0.0000e+000 
 0.0000e+000  0.0000e+000  0.0000e+000  0.0000e+000  0.0000e+000  0.0000e+000 -9.4392e+006 -1.2083e+007  3.4903e+006  1.3682e+007  0.0000e+000  0.0000e+000 -9.4704e+006 -7.9960e+006  5.9887e+007  1.0429e+007 -1.9356e+007 -7.0243e+006 -2.5112e+007  2.9933e+006  0.0000e+000  0.0000e+000 
 0.0000e+000  0.0000e+000  0.0000e+000  0.0000e+000  0.0000e+000  0.0000e+000 -1.2083e+007 -3.7436e+007  1.3682e+007 -6.2209e+006  0.0000e+000  0.0000e+000 -9.1498e+006 -8.0349e+006  1.0429e+007  5.7066e+007 -5.8704e+006 -5.2472e+006  2.9933e+006 -1.2734e+005  0.0000e+000  0.0000e+000 
 0.0000e+000  0.0000e+000 -3.8680e+006 -1.1925e+006 -3.3202e+006 -7.6532e+006 -6.4652e+006  1.5278e+007  0.0000e+000  0.0000e+000  0.0000e+000  0.0000e+000  0.0000e+000  0.0000e+000 -1.9356e+007 -5.8704e+006  6.0473e+007  1.2238e+007  0.0000e+000  0.0000e+000 -2.7464e+007 -1.2800e+007 
 0.0000e+000  0.0000e+000 -3.8656e+004  1.1530e+007 -7.6532e+006 -3.4589e+007  1.5278e+007 -5.2377e+006  0.0000e+000  0.0000e+000  0.0000e+000  0.0000e+000  0.0000e+000  0.0000e+000 -7.0243e+006 -5.2472e+006  1.2238e+007  6.7392e+007  0.0000e+000  0.0000e+000 -1.2800e+007 -3.3848e+007 
 0.0000e+000  0.0000e+000  0.0000e+000  0.0000e+000  0.0000e+000  0.0000e+000  0.0000e+000  0.0000e+000 -2.6429e+007 -2.0041e+007  0.0000e+000  0.0000e+000 -1.3332e+007  5.7399e+006 -2.5112e+007  2.9933e+006  0.0000e+000  0.0000e+000  1.1375e+008  1.1855e+007  0.0000e+000  0.0000e+000 
 0.0000e+000  0.0000e+000  0.0000e+000  0.0000e+000  0.0000e+000  0.0000e+000  0.0000e+000  0.0000e+000 -2.0041e+007 -5.1793e+007  0.0000e+000  0.0000e+000  5.7399e+006 -5.5711e+007  2.9933e+006 -1.2734e+005  0.0000e+000  0.0000e+000  1.1855e+007  1.3566e+008  0.0000e+000  0.0000e+000 
-8.0814e+006 -1.5000e+007 -1.3300e+007  1.6425e+007 -3.1265e+007  1.5867e+007  0.0000e+000  0.0000e+000  0.0000e+000  0.0000e+000 -3.5367e+007  0.0000e+000  0.0000e+000  0.0000e+000  0.0000e+000  0.0000e+000 -2.7464e+007 -1.2800e+007  0.0000e+000  0.0000e+000  1.1548e+008 -4.4917e+006 
-1.5000e+007 -2.5688e+007  1.6425e+007 -3.0729e+007  1.5867e+007 -3.7283e+007  0.0000e+000  0.0000e+000  0.0000e+000  0.0000e+000  0.0000e+000 -1.2378e+007  0.0000e+000  0.0000e+000  0.0000e+000  0.0000e+000 -1.2800e+007 -3.3848e+007  0.0000e+000  0.0000e+000 -4.4917e+006  1.3993e+008 

SystemDVector(Forces):
Node     1 x:   0.000000e+000
Node     1 y:  -4.000000e+002
Node     2 x:   0.000000e+000
Node     2 y:   0.000000e+000
Node     5 x:   0.000000e+000
Node     5 y:  -4.000000e+002
Node     6 x:   0.000000e+000
Node     6 y:  -4.000000e+002
Node     7 x:   0.000000e+000
Node     7 y:  -4.000000e+002
Node     8 x:   0.000000e+000
Node     8 y:   0.000000e+000
Node    11 x:   0.000000e+000
Node    11 y:   0.000000e+000
Node    12 x:   0.000000e+000
Node    12 y:   0.000000e+000
Node    13 x:   0.000000e+000
Node    13 y:   0.000000e+000
Node    14 x:   0.000000e+000
Node    14 y:   0.000000e+000
Node    15 x:   0.000000e+000
Node    15 y:   0.000000e+000

SystemDisplacementVector:
Node     1 x:   2.363051e-004
Node     1 y:  -1.021344e-003
Node     2 x:  -4.337898e-005
Node     2 y:  -1.015082e-003
Node     5 x:   2.121665e-004
Node     5 y:  -6.706055e-004
Node     6 x:   1.753186e-004
Node     6 y:  -3.552557e-004
Node     7 x:   1.209325e-004
Node     7 y:  -1.201412e-004
Node     8 x:   9.704244e-005
Node     8 y:  -1.016994e-003
Node    11 x:  -6.501449e-005
Node    11 y:  -9.725619e-005
Node    12 x:  -7.964509e-005
Node    12 y:  -3.114728e-004
Node    13 x:  -4.982501e-005
Node    13 y:  -6.367162e-004
Node    14 x:   1.487640e-006
Node    14 y:  -6.385591e-005
Node    15 x:   8.790856e-005
Node    15 y:  -8.284612e-004

SystemReactionForceVector:
Node     3 x:  -2.435890e+003
Node     3 y:  -4.683949e+001
Node     4 x:   1.028232e+003
Node     4 y:   5.768563e+002
Node     9 x:  -6.046295e+001
Node     9 y:   9.083655e+002
Node    10 x:   1.468120e+003
Node    10 y:   1.616177e+002

