################# FESOLVE #################


Model-Data:

Node: Number / X / Y / Z / Fx / Fy / Fz / Fxx / Fyy / Fzz / Cx / Cy / Cz / Cxx / Cyy / Czz
         1      1.000      0.000      0.000      0.000   -181.820      0.000      0.000      0.000      0.000          0          0          0          0          0          0 
         2      1.000     -0.200      0.000      0.000      0.000      0.000      0.000      0.000      0.000          0          0          0          0          0          0 
         3      0.000      0.000      0.000      0.000   -181.820      0.000      0.000      0.000      0.000          1          1          0          0          0          0 
         4     -0.000     -0.503      0.000      0.000      0.000      0.000      0.000      0.000      0.000          1          1          0          0          0          0 
         5      0.900      0.000      0.000      0.000   -181.820      0.000      0.000      0.000      0.000          0          0          0          0          0          0 
         6      0.800      0.000      0.000      0.000   -181.820      0.000      0.000      0.000      0.000          0          0          0          0          0          0 
         7      0.700      0.000      0.000      0.000   -181.820      0.000      0.000      0.000      0.000          0          0          0          0          0          0 
         8      0.600      0.000      0.000      0.000   -181.820      0.000      0.000      0.000      0.000          0          0          0          0          0          0 
         9      0.500      0.000      0.000      0.000   -181.820      0.000      0.000      0.000      0.000          0          0          0          0          0          0 
        10      0.400      0.000      0.000      0.000   -181.820      0.000      0.000      0.000      0.000          0          0          0          0          0          0 
        11      0.300      0.000      0.000      0.000   -181.820      0.000      0.000      0.000      0.000          0          0          0          0          0          0 
        12      0.200      0.000      0.000      0.000   -181.820      0.000      0.000      0.000      0.000          0          0          0          0          0          0 
        13      0.100      0.000      0.000      0.000   -181.820      0.000      0.000      0.000      0.000          0          0          0          0          0          0 
        14      1.000     -0.160      0.000      0.000      0.000      0.000      0.000      0.000      0.000          0          0          0          0          0          0 
        15      1.000     -0.120      0.000      0.000      0.000      0.000      0.000      0.000      0.000          0          0          0          0          0          0 
        16      1.000     -0.080      0.000      0.000      0.000      0.000      0.000      0.000      0.000          0          0          0          0          0          0 
        17      1.000     -0.040      0.000      0.000      0.000      0.000      0.000      0.000      0.000          0          0          0          0          0          0 
        18      0.000     -0.101      0.000      0.000      0.000      0.000      0.000      0.000      0.000          1          1          0          0          0          0 
        19      0.000     -0.201      0.000      0.000      0.000      0.000      0.000      0.000      0.000          1          1          0          0          0          0 
        20      0.000     -0.302      0.000      0.000      0.000      0.000      0.000      0.000      0.000          1          1          0          0          0          0 
        21      0.000     -0.403      0.000      0.000      0.000      0.000      0.000      0.000      0.000          1          1          0          0          0          0 
        22      0.090     -0.447      0.000      0.000      0.000      0.000      0.000      0.000      0.000          0          0          0          0          0          0 
        23      0.183     -0.396      0.000      0.000      0.000      0.000      0.000      0.000      0.000          0          0          0          0          0          0 
        24      0.279     -0.351      0.000      0.000      0.000      0.000      0.000      0.000      0.000          0          0          0          0          0          0 
        25      0.377     -0.311      0.000      0.000      0.000      0.000      0.000      0.000      0.000          0          0          0          0          0          0 
        26      0.477     -0.278      0.000      0.000      0.000      0.000      0.000      0.000      0.000          0          0          0          0          0          0 
        27      0.580     -0.250      0.000      0.000      0.000      0.000      0.000      0.000      0.000          0          0          0          0          0          0 
        28      0.684     -0.228      0.000      0.000      0.000      0.000      0.000      0.000      0.000          0          0          0          0          0          0 
        29      0.788     -0.212      0.000      0.000      0.000      0.000      0.000      0.000      0.000          0          0          0          0          0          0 
        30      0.894     -0.203      0.000      0.000      0.000      0.000      0.000      0.000      0.000          0          0          0          0          0          0 
        31      0.135     -0.302      0.000      0.000      0.000      0.000      0.000      0.000      0.000          0          0          0          0          0          0 
        32      0.236     -0.254      0.000      0.000      0.000      0.000      0.000      0.000      0.000          0          0          0          0          0          0 
        33      0.340     -0.212      0.000      0.000      0.000      0.000      0.000      0.000      0.000          0          0          0          0          0          0 
        34      0.447     -0.176      0.000      0.000      0.000      0.000      0.000      0.000      0.000          0          0          0          0          0          0 
        35      0.555     -0.147      0.000      0.000      0.000      0.000      0.000      0.000      0.000          0          0          0          0          0          0 
        36      0.665     -0.124      0.000      0.000      0.000      0.000      0.000      0.000      0.000          0          0          0          0          0          0 
        37      0.776     -0.107      0.000      0.000      0.000      0.000      0.000      0.000      0.000          0          0          0          0          0          0 
        38      0.960     -0.160      0.000      0.000      0.000      0.000      0.000      0.000      0.000          0          0          0          0          0          0 
        39      0.960     -0.120      0.000      0.000      0.000      0.000      0.000      0.000      0.000          0          0          0          0          0          0 
        40      0.960     -0.080      0.000      0.000      0.000      0.000      0.000      0.000      0.000          0          0          0          0          0          0 
        41      0.960     -0.040      0.000      0.000      0.000      0.000      0.000      0.000      0.000          0          0          0          0          0          0 
        42      0.920     -0.120      0.000      0.000      0.000      0.000      0.000      0.000      0.000          0          0          0          0          0          0 
        43      0.920     -0.080      0.000      0.000      0.000      0.000      0.000      0.000      0.000          0          0          0          0          0          0 
        44      0.500     -0.100      0.000      0.000      0.000      0.000      0.000      0.000      0.000          0          0          0          0          0          0 
        45      0.400     -0.100      0.000      0.000      0.000      0.000      0.000      0.000      0.000          0          0          0          0          0          0 
        46      0.300     -0.100      0.000      0.000      0.000      0.000      0.000      0.000      0.000          0          0          0          0          0          0 
        47      0.200     -0.100      0.000      0.000      0.000      0.000      0.000      0.000      0.000          0          0          0          0          0          0 
        48      0.100     -0.100      0.000      0.000      0.000      0.000      0.000      0.000      0.000          0          0          0          0          0          0 
        49      0.101     -0.201      0.000      0.000      0.000      0.000      0.000      0.000      0.000          0          0          0          0          0          0 

Element: Number / NumberOfNodes / Dimension
    1     3     2 
    2     3     2 
    3     3     2 
    4     3     2 
    5     3     2 
    6     3     2 
    7     3     2 
    8     3     2 
    9     3     2 
   10     3     2 
   11     3     2 
   12     3     2 
   13     3     2 
   14     3     2 
   15     3     2 
   16     3     2 
   17     3     2 
   18     3     2 
   19     3     2 
   20     3     2 
   21     3     2 
   22     3     2 
   23     3     2 
   24     3     2 
   25     3     2 
   26     3     2 
   27     3     2 
   28     3     2 
   29     3     2 
   30     3     2 
   31     3     2 
   32     3     2 
   33     3     2 
   34     3     2 
   35     3     2 
   36     3     2 
   37     3     2 
   38     3     2 
   39     3     2 
   40     3     2 
   41     3     2 
   42     3     2 
   43     3     2 
   44     3     2 
   45     3     2 
   46     3     2 
   47     3     2 
   48     3     2 
   49     3     2 
   50     3     2 
   51     3     2 
   52     3     2 
   53     3     2 
   54     3     2 
   55     3     2 
   56     3     2 
   57     3     2 
   58     3     2 
   59     3     2 
   60     3     2 
   61     3     2 
   62     3     2 
   63     3     2 
   64     3     2 
   65     3     2 
   66     3     2 

Material: Number / EModul / Nue
    1 2.100e+007 3.000e-001 

Element Stiffnessmatrix: 1
 1.1423e+007  5.5000e+006 -4.2373e+006  9.9403e+005 -7.1859e+006 -6.4941e+006 
 5.5000e+006  1.1423e+007  2.1479e+006  1.0763e+007 -7.6479e+006 -2.2186e+007 
-4.2373e+006  2.1479e+006  1.7889e+007 -9.7785e+006 -1.3651e+007  7.6306e+006 
 9.9403e+005  1.0763e+007 -9.7785e+006  2.6457e+007  8.7845e+006 -3.7220e+007 
-7.1859e+006 -7.6479e+006 -1.3651e+007  8.7845e+006  2.0837e+007 -1.1365e+006 
-6.4941e+006 -2.2186e+007  7.6306e+006 -3.7220e+007 -1.1365e+006  5.9406e+007 


Element Stiffnessmatrix: 2
 1.1423e+007  5.5000e+006 -1.5660e+007 -4.5060e+006  4.2373e+006 -9.9403e+005 
 5.5000e+006  1.1423e+007 -3.3522e+006 -6.6043e+005 -2.1479e+006 -1.0763e+007 
-1.5660e+007 -3.3522e+006  3.7786e+007 -7.4203e+006 -2.2126e+007  1.0773e+007 
-4.5060e+006 -6.6043e+005 -7.4203e+006  1.6355e+007  1.1926e+007 -1.5695e+007 
 4.2373e+006 -2.1479e+006 -2.2126e+007  1.1926e+007  1.7889e+007 -9.7785e+006 
-9.9403e+005 -1.0763e+007  1.0773e+007 -1.5695e+007 -9.7785e+006  2.6457e+007 


Element Stiffnessmatrix: 3
 1.3925e+007  2.2509e+006 -1.3468e+007 -9.9220e+006 -4.5679e+005  7.6711e+006 
 2.2509e+006  3.9014e+007 -8.7681e+006 -3.2698e+007  6.5172e+006 -6.3156e+006 
-1.3468e+007 -8.7681e+006  2.6412e+007  1.3808e+007 -1.2943e+007 -5.0396e+006 
-9.9220e+006 -3.2698e+007  1.3808e+007  3.2182e+007 -3.8857e+006  5.1562e+005 
-4.5679e+005  6.5172e+006 -1.2943e+007 -3.8857e+006  1.3400e+007 -2.6315e+006 
 7.6711e+006 -6.3156e+006 -5.0396e+006  5.1562e+005 -2.6315e+006  5.8000e+006 


Element Stiffnessmatrix: 4
 2.2884e+007  1.7515e+006 -1.0784e+006  6.7674e+006 -2.1806e+007 -8.5189e+006 
 1.7515e+006  8.2892e+006  7.9212e+006  1.9938e+006 -9.6727e+006 -1.0283e+007 
-1.0784e+006  7.9212e+006  8.1958e+006 -1.3195e+006 -7.1174e+006 -6.6017e+006 
 6.7674e+006  1.9938e+006 -1.3195e+006  2.2965e+007 -5.4479e+006 -2.4959e+007 
-2.1806e+007 -9.6727e+006 -7.1174e+006 -5.4479e+006  2.8923e+007  1.5121e+007 
-8.5189e+006 -1.0283e+007 -6.6017e+006 -2.4959e+007  1.5121e+007  3.5242e+007 


Element Stiffnessmatrix: 5
 3.6135e+007 -1.4908e+007 -1.0825e+007  8.8413e+006 -2.5310e+007  6.0666e+006 
-1.4908e+007  2.8035e+007  9.9952e+006 -2.1252e+007  4.9128e+006 -6.7833e+006 
-1.0825e+007  9.9952e+006  8.4011e+006 -2.1769e+006  2.4239e+006 -7.8183e+006 
 8.8413e+006 -2.1252e+007 -2.1769e+006  2.2758e+007 -6.6644e+006 -1.5065e+006 
-2.5310e+007  4.9128e+006  2.4239e+006 -6.6644e+006  2.2886e+007  1.7516e+006 
 6.0666e+006 -6.7833e+006 -7.8183e+006 -1.5065e+006  1.7516e+006  8.2898e+006 


Element Stiffnessmatrix: 6
 8.8967e+006 -2.3058e+006  1.9294e+006 -7.6899e+006 -1.0826e+007  9.9956e+006 
-2.3058e+006  2.4100e+007 -6.5360e+006 -2.8476e+006  8.8418e+006 -2.1252e+007 
 1.9294e+006 -6.5360e+006  2.1369e+007  2.4530e+006 -2.3298e+007  4.0830e+006 
-7.6899e+006 -2.8476e+006  2.4530e+006  8.0705e+006  5.2368e+006 -5.2229e+006 
-1.0826e+007  8.8418e+006 -2.3298e+007  5.2368e+006  3.4124e+007 -1.4079e+007 
 9.9956e+006 -2.1252e+007  4.0830e+006 -5.2229e+006 -1.4079e+007  2.6475e+007 


Element Stiffnessmatrix: 7
 3.7858e+007 -1.4329e+007 -1.1969e+007  9.3892e+006 -2.5888e+007  4.9395e+006 
-1.4329e+007  2.6311e+007  1.0543e+007 -2.0110e+007  3.7857e+006 -6.2011e+006 
-1.1969e+007  1.0543e+007  8.7078e+006 -3.0062e+006  3.2616e+006 -7.5369e+006 
 9.3892e+006 -2.0110e+007 -3.0062e+006  2.2455e+007 -6.3831e+006 -2.3445e+006 
-2.5888e+007  3.7857e+006  3.2616e+006 -6.3831e+006  2.2627e+007  2.5974e+006 
 4.9395e+006 -6.2011e+006 -7.5369e+006 -2.3445e+006  2.5974e+006  8.5455e+006 


Element Stiffnessmatrix: 8
 9.2209e+006 -3.1835e+006  2.7493e+006 -7.3598e+006 -1.1970e+007  1.0543e+007 
-3.1835e+006  2.3777e+007 -6.2060e+006 -3.6665e+006  9.3895e+006 -2.0111e+007 
 2.7493e+006 -6.2060e+006  2.1034e+007  3.2172e+006 -2.3783e+007  2.9888e+006 
-7.3598e+006 -3.6665e+006  3.2172e+006  8.4044e+006  4.1427e+006 -4.7379e+006 
-1.1970e+007  9.3895e+006 -2.3783e+007  4.1427e+006  3.5753e+007 -1.3532e+007 
 1.0543e+007 -2.0111e+007  2.9888e+006 -4.7379e+006 -1.3532e+007  2.4849e+007 


Element Stiffnessmatrix: 9
 9.6458e+006 -4.0171e+006 -5.5849e+006 -3.1422e+006 -4.0609e+006  7.1592e+006 
-4.0171e+006  2.3353e+007 -1.9883e+006 -2.6496e+007  6.0054e+006  3.1425e+006 
-5.5849e+006 -1.9883e+006  2.2557e+007  1.2365e+007 -1.6972e+007 -1.0376e+007 
-3.1422e+006 -2.6496e+007  1.2365e+007  3.8042e+007 -9.2225e+006 -1.1547e+007 
-4.0609e+006  6.0054e+006 -1.6972e+007 -9.2225e+006  2.1033e+007  3.2171e+006 
 7.1592e+006  3.1425e+006 -1.0376e+007 -1.1547e+007  3.2171e+006  8.4042e+006 


Element Stiffnessmatrix: 10
 2.1827e+007  4.1693e+006 -3.5256e+006  5.7816e+006 -1.8301e+007 -9.9510e+006 
 4.1693e+006  9.3468e+006  6.9355e+006  4.4413e+006 -1.1105e+007 -1.3788e+007 
-3.5256e+006  6.9355e+006  9.1090e+006 -3.7941e+006 -5.5834e+006 -3.1413e+006 
 5.7816e+006  4.4413e+006 -3.7941e+006  2.2052e+007 -1.9875e+006 -2.6493e+007 
-1.8301e+007 -1.1105e+007 -5.5834e+006 -1.9875e+006  2.3885e+007  1.3092e+007 
-9.9510e+006 -1.3788e+007 -3.1413e+006 -2.6493e+007  1.3092e+007  4.0281e+007 


Element Stiffnessmatrix: 11
 4.1045e+007 -1.2585e+007 -1.4409e+007  1.0064e+007 -2.6636e+007  2.5209e+006 
-1.2585e+007  2.3126e+007  1.1218e+007 -1.7671e+007  1.3670e+006 -5.4553e+006 
-1.4409e+007  1.1218e+007  9.5995e+006 -4.5279e+006  4.8097e+006 -6.6902e+006 
 1.0064e+007 -1.7671e+007 -4.5279e+006  2.1562e+007 -5.5363e+006 -3.8914e+006 
-2.6636e+007  1.3670e+006  4.8097e+006 -5.5363e+006  2.1827e+007  4.1693e+006 
 2.5209e+006 -5.4553e+006 -6.6902e+006 -3.8914e+006  4.1693e+006  9.3467e+006 


Element Stiffnessmatrix: 12
 1.0165e+007 -4.7949e+006  4.2445e+006 -6.4233e+006 -1.4410e+007  1.1218e+007 
-4.7949e+006  2.2832e+007 -5.2695e+006 -5.1615e+006  1.0064e+007 -1.7671e+007 
 4.2445e+006 -5.2695e+006  2.0108e+007  4.6026e+006 -2.4353e+007  6.6685e+005 
-6.4233e+006 -5.1615e+006  4.6026e+006  9.3302e+006  1.8207e+006 -4.1687e+006 
-1.4410e+007  1.0064e+007 -2.4353e+007  1.8207e+006  3.8763e+007 -1.1885e+007 
 1.1218e+007 -1.7671e+007  6.6685e+005 -4.1687e+006 -1.1885e+007  2.1840e+007 


Element Stiffnessmatrix: 13
 1.0772e+007 -5.5058e+006 -5.2744e+006 -6.3065e+005 -5.4979e+006  6.1364e+006 
-5.5058e+006  2.2225e+007  5.2320e+005 -2.6805e+007  4.9826e+006  4.5799e+006 
-5.2744e+006  5.2320e+005  1.9885e+007  1.0216e+007 -1.4611e+007 -1.0739e+007 
-6.3065e+005 -2.6805e+007  1.0216e+007  4.0715e+007 -9.5853e+006 -1.3910e+007 
-5.4979e+006  4.9826e+006 -1.4611e+007 -9.5853e+006  2.0109e+007  4.6027e+006 
 6.1364e+006  4.5799e+006 -1.0739e+007 -1.3910e+007  4.6027e+006  9.3304e+006 


Element Stiffnessmatrix: 14
 2.0679e+007  5.5105e+006 -4.8972e+006  4.6767e+006 -1.5782e+007 -1.0187e+007 
 5.5105e+006  1.0492e+007  5.8305e+006  5.8170e+006 -1.1341e+007 -1.6309e+007 
-4.8972e+006  5.8305e+006  1.0173e+007 -5.1991e+006 -5.2759e+006 -6.3140e+005 
 4.6767e+006  5.8170e+006 -5.1991e+006  2.0991e+007  5.2244e+005 -2.6808e+007 
-1.5782e+007 -1.1341e+007 -5.2759e+006  5.2244e+005  2.1058e+007  1.0819e+007 
-1.0187e+007 -1.6309e+007 -6.3140e+005 -2.6808e+007  1.0819e+007  4.3116e+007 


Element Stiffnessmatrix: 15
 4.3737e+007 -1.0146e+007 -1.6940e+007  1.0151e+007 -2.6797e+007 -5.2551e+003 
-1.0146e+007  2.0436e+007  1.1305e+007 -1.5142e+007 -1.1591e+006 -5.2941e+006 
-1.6940e+007  1.1305e+007  1.0823e+007 -5.7997e+006  6.1173e+006 -5.5054e+006 
 1.0151e+007 -1.5142e+007 -5.7997e+006  2.0340e+007 -4.3516e+006 -5.1980e+006 
-2.6797e+007 -1.1591e+006  6.1173e+006 -4.3516e+006  2.0680e+007  5.5107e+006 
-5.2551e+003 -5.2941e+006 -5.5054e+006 -5.1980e+006  5.5107e+006  1.0492e+007 


Element Stiffnessmatrix: 16
 1.1460e+007 -6.1412e+006  5.4789e+006 -5.1636e+006 -1.6939e+007  1.1305e+007 
-6.1412e+006  2.1539e+007 -4.0098e+006 -6.3972e+006  1.0151e+007 -1.5142e+007 
 5.4789e+006 -4.0098e+006  1.8884e+007  5.7337e+006 -2.4363e+007 -1.7239e+006 
-5.1636e+006 -6.3972e+006  5.7337e+006  1.0554e+007 -5.7004e+005 -4.1565e+006 
-1.6939e+007  1.0151e+007 -2.4363e+007 -5.7004e+005  4.1302e+007 -9.5810e+006 
 1.1305e+007 -1.5142e+007 -1.7239e+006 -4.1565e+006 -9.5810e+006  1.9298e+007 


Element Stiffnessmatrix: 17
 4.4844e+007 -8.7060e+006 -1.8193e+007  9.9710e+006 -2.6652e+007 -1.2650e+006 
-8.7060e+006  1.9323e+007  1.1125e+007 -1.3887e+007 -2.4189e+006 -5.4357e+006 
-1.8193e+007  1.1125e+007  1.1537e+007 -6.3185e+006  6.6557e+006 -4.8063e+006 
 9.9710e+006 -1.3887e+007 -6.3185e+006  1.9627e+007 -3.6525e+006 -5.7396e+006 
-2.6652e+007 -2.4189e+006  6.6557e+006 -3.6525e+006  1.9996e+007  6.0714e+006 
-1.2650e+006 -5.4357e+006 -4.8063e+006 -5.7396e+006  6.0714e+006  1.1175e+007 


Element Stiffnessmatrix: 18
 2.5352e+007 -1.3547e+007  3.8502e+005  9.5759e+005 -2.5737e+007  1.2590e+007 
-1.3547e+007  3.3280e+007  2.1114e+006 -1.6142e+007  1.1436e+007 -1.7138e+007 
 3.8502e+005  2.1114e+006  7.3579e+006  3.9783e+006 -7.7429e+006 -6.0898e+006 
 9.5759e+005 -1.6142e+007  3.9783e+006  1.3430e+007 -4.9359e+006  2.7119e+006 
-2.5737e+007  1.1436e+007 -7.7429e+006 -4.9359e+006  3.3480e+007 -6.4998e+006 
 1.2590e+007 -1.7138e+007 -6.0898e+006  2.7119e+006 -6.4998e+006  1.4426e+007 


Element Stiffnessmatrix: 19
 2.5872e+007 -4.4116e+003 -1.4458e+007  6.9255e+006 -1.1414e+007 -6.9211e+006 
-4.4116e+003  9.0553e+006  8.0794e+006 -5.0656e+006 -8.0750e+006 -3.9898e+006 
-1.4458e+007  8.0794e+006  1.5284e+007 -8.3824e+006 -8.2566e+005  3.0298e+005 
 6.9255e+006 -5.0656e+006 -8.3824e+006  2.3417e+007  1.4568e+006 -1.8352e+007 
-1.1414e+007 -8.0750e+006 -8.2566e+005  1.4568e+006  1.2240e+007  6.6181e+006 
-6.9211e+006 -3.9898e+006  3.0298e+005 -1.8352e+007  6.6181e+006  2.2341e+007 


Element Stiffnessmatrix: 20
 1.0807e+007 -3.8744e+004  4.4550e+004 -8.0769e+006 -1.0851e+007  8.1157e+006 
-3.8744e+004  3.0876e+007 -6.9231e+006  1.5593e+004  6.9618e+006 -3.0892e+007 
 4.4550e+004 -6.9231e+006  1.7248e+007  0.0000e+000 -1.7292e+007  6.9231e+006 
-8.0769e+006  1.5593e+004  0.0000e+000  6.0367e+006  8.0769e+006 -6.0523e+006 
-1.0851e+007  6.9618e+006 -1.7292e+007  8.0769e+006  2.8144e+007 -1.5039e+007 
 8.1157e+006 -3.0892e+007  6.9231e+006 -6.0523e+006 -1.5039e+007  3.6944e+007 


Element Stiffnessmatrix: 21
 1.7883e+007  3.7865e+006 -1.5192e+007  3.1268e+006 -2.6905e+006 -6.9133e+006 
 3.7865e+006  7.9911e+006  4.2806e+006 -1.9228e+005 -8.0671e+006 -7.7988e+006 
-1.5192e+007  4.2806e+006  2.3329e+007 -1.1233e+007 -8.1372e+006  6.9521e+006 
 3.1268e+006 -1.9228e+005 -1.1233e+007  2.3329e+007  8.1059e+006 -2.3137e+007 
-2.6905e+006 -8.0671e+006 -8.1372e+006  8.1059e+006  1.0828e+007 -3.8819e+004 
-6.9133e+006 -7.7988e+006  6.9521e+006 -2.3137e+007 -3.8819e+004  3.0936e+007 


Element Stiffnessmatrix: 22
 8.0769e+006  0.0000e+000  0.0000e+000 -8.0769e+006 -8.0769e+006  8.0769e+006 
 0.0000e+000  2.3077e+007 -6.9231e+006  0.0000e+000  6.9231e+006 -2.3077e+007 
 0.0000e+000 -6.9231e+006  2.3077e+007  0.0000e+000 -2.3077e+007  6.9231e+006 
-8.0769e+006  0.0000e+000  0.0000e+000  8.0769e+006  8.0769e+006 -8.0769e+006 
-8.0769e+006  6.9231e+006 -2.3077e+007  8.0769e+006  3.1154e+007 -1.5000e+007 
 8.0769e+006 -2.3077e+007  6.9231e+006 -8.0769e+006 -1.5000e+007  3.1154e+007 


Element Stiffnessmatrix: 23
 3.1154e+007  1.5000e+007 -2.3077e+007 -8.0769e+006 -8.0769e+006 -6.9231e+006 
 1.5000e+007  3.1154e+007 -6.9231e+006 -8.0769e+006 -8.0769e+006 -2.3077e+007 
-2.3077e+007 -6.9231e+006  2.3077e+007  0.0000e+000  0.0000e+000  6.9231e+006 
-8.0769e+006 -8.0769e+006  0.0000e+000  8.0769e+006  8.0769e+006  0.0000e+000 
-8.0769e+006 -8.0769e+006  0.0000e+000  8.0769e+006  8.0769e+006  0.0000e+000 
-6.9231e+006 -2.3077e+007  6.9231e+006  0.0000e+000  0.0000e+000  2.3077e+007 


Element Stiffnessmatrix: 24
 2.3381e+007  9.8996e+004 -9.9690e+004  6.9224e+006 -2.3281e+007 -7.0214e+006 
 9.8996e+004  8.1842e+006  8.0763e+006  9.7012e+004 -8.1753e+006 -8.2812e+006 
-9.9690e+004  8.0763e+006  7.9723e+006 -9.7706e+004 -7.8727e+006 -7.9786e+006 
 6.9224e+006  9.7012e+004 -9.7706e+004  2.2776e+007 -6.8247e+006 -2.2873e+007 
-2.3281e+007 -8.1753e+006 -7.8727e+006 -6.8247e+006  3.1154e+007  1.5000e+007 
-7.0214e+006 -8.2812e+006 -7.9786e+006 -2.2873e+007  1.5000e+007  3.1154e+007 


Element Stiffnessmatrix: 25
 3.0950e+007  1.4902e+007 -2.3077e+007 -8.0769e+006 -7.8727e+006 -6.8247e+006 
 1.4902e+007  3.0950e+007 -6.9231e+006 -8.0769e+006 -7.9786e+006 -2.2873e+007 
-2.3077e+007 -6.9231e+006  2.3229e+007  0.0000e+000 -1.5231e+005  6.9231e+006 
-8.0769e+006 -8.0769e+006  0.0000e+000  8.1302e+006  8.0769e+006 -5.3308e+004 
-7.8727e+006 -7.9786e+006 -1.5231e+005  8.0769e+006  8.0250e+006 -9.8351e+004 
-6.8247e+006 -2.2873e+007  6.9231e+006 -5.3308e+004 -9.8351e+004  2.2926e+007 


Element Stiffnessmatrix: 26
 2.3077e+007  0.0000e+000  0.0000e+000  6.9231e+006 -2.3077e+007 -6.9231e+006 
 0.0000e+000  8.0769e+006  8.0769e+006  0.0000e+000 -8.0769e+006 -8.0769e+006 
 0.0000e+000  8.0769e+006  8.0769e+006  0.0000e+000 -8.0769e+006 -8.0769e+006 
 6.9231e+006  0.0000e+000  0.0000e+000  2.3077e+007 -6.9231e+006 -2.3077e+007 
-2.3077e+007 -8.0769e+006 -8.0769e+006 -6.9231e+006  3.1154e+007  1.5000e+007 
-6.9231e+006 -8.0769e+006 -8.0769e+006 -2.3077e+007  1.5000e+007  3.1154e+007 


Element Stiffnessmatrix: 27
 3.1154e+007 -1.5000e+007 -8.0769e+006  6.9231e+006 -2.3077e+007  8.0769e+006 
-1.5000e+007  3.1154e+007  8.0769e+006 -2.3077e+007  6.9231e+006 -8.0769e+006 
-8.0769e+006  8.0769e+006  8.0769e+006  0.0000e+000  0.0000e+000 -8.0769e+006 
 6.9231e+006 -2.3077e+007  0.0000e+000  2.3077e+007 -6.9231e+006  0.0000e+000 
-2.3077e+007  6.9231e+006  0.0000e+000 -6.9231e+006  2.3077e+007  0.0000e+000 
 8.0769e+006 -8.0769e+006 -8.0769e+006  0.0000e+000  0.0000e+000  8.0769e+006 


Element Stiffnessmatrix: 28
 8.0769e+006  0.0000e+000  0.0000e+000 -8.0769e+006 -8.0769e+006  8.0769e+006 
 0.0000e+000  2.3077e+007 -6.9231e+006  0.0000e+000  6.9231e+006 -2.3077e+007 
 0.0000e+000 -6.9231e+006  2.3077e+007  0.0000e+000 -2.3077e+007  6.9231e+006 
-8.0769e+006  0.0000e+000  0.0000e+000  8.0769e+006  8.0769e+006 -8.0769e+006 
-8.0769e+006  6.9231e+006 -2.3077e+007  8.0769e+006  3.1154e+007 -1.5000e+007 
 8.0769e+006 -2.3077e+007  6.9231e+006 -8.0769e+006 -1.5000e+007  3.1154e+007 


Element Stiffnessmatrix: 29
 3.1154e+007 -1.5000e+007 -8.0769e+006  6.9231e+006 -2.3077e+007  8.0769e+006 
-1.5000e+007  3.1154e+007  8.0769e+006 -2.3077e+007  6.9231e+006 -8.0769e+006 
-8.0769e+006  8.0769e+006  8.0769e+006  0.0000e+000  0.0000e+000 -8.0769e+006 
 6.9231e+006 -2.3077e+007  0.0000e+000  2.3077e+007 -6.9231e+006  0.0000e+000 
-2.3077e+007  6.9231e+006  0.0000e+000 -6.9231e+006  2.3077e+007  0.0000e+000 
 8.0769e+006 -8.0769e+006 -8.0769e+006  0.0000e+000  0.0000e+000  8.0769e+006 


Element Stiffnessmatrix: 30
 8.0769e+006  0.0000e+000  0.0000e+000 -8.0769e+006 -8.0769e+006  8.0769e+006 
 0.0000e+000  2.3077e+007 -6.9231e+006  0.0000e+000  6.9231e+006 -2.3077e+007 
 0.0000e+000 -6.9231e+006  2.3077e+007  0.0000e+000 -2.3077e+007  6.9231e+006 
-8.0769e+006  0.0000e+000  0.0000e+000  8.0769e+006  8.0769e+006 -8.0769e+006 
-8.0769e+006  6.9231e+006 -2.3077e+007  8.0769e+006  3.1154e+007 -1.5000e+007 
 8.0769e+006 -2.3077e+007  6.9231e+006 -8.0769e+006 -1.5000e+007  3.1154e+007 


Element Stiffnessmatrix: 31
 3.1154e+007 -1.5000e+007 -8.0769e+006  6.9231e+006 -2.3077e+007  8.0769e+006 
-1.5000e+007  3.1154e+007  8.0769e+006 -2.3077e+007  6.9231e+006 -8.0769e+006 
-8.0769e+006  8.0769e+006  8.0769e+006  0.0000e+000  0.0000e+000 -8.0769e+006 
 6.9231e+006 -2.3077e+007  0.0000e+000  2.3077e+007 -6.9231e+006  0.0000e+000 
-2.3077e+007  6.9231e+006  0.0000e+000 -6.9231e+006  2.3077e+007  0.0000e+000 
 8.0769e+006 -8.0769e+006 -8.0769e+006  0.0000e+000  0.0000e+000  8.0769e+006 


Element Stiffnessmatrix: 32
 8.0769e+006  0.0000e+000  0.0000e+000 -8.0769e+006 -8.0769e+006  8.0769e+006 
 0.0000e+000  2.3077e+007 -6.9231e+006  0.0000e+000  6.9231e+006 -2.3077e+007 
 0.0000e+000 -6.9231e+006  2.3077e+007  0.0000e+000 -2.3077e+007  6.9231e+006 
-8.0769e+006  0.0000e+000  0.0000e+000  8.0769e+006  8.0769e+006 -8.0769e+006 
-8.0769e+006  6.9231e+006 -2.3077e+007  8.0769e+006  3.1154e+007 -1.5000e+007 
 8.0769e+006 -2.3077e+007  6.9231e+006 -8.0769e+006 -1.5000e+007  3.1154e+007 


Element Stiffnessmatrix: 33
 3.1154e+007 -1.5000e+007 -8.0769e+006  6.9231e+006 -2.3077e+007  8.0769e+006 
-1.5000e+007  3.1154e+007  8.0769e+006 -2.3077e+007  6.9231e+006 -8.0769e+006 
-8.0769e+006  8.0769e+006  8.0769e+006  0.0000e+000  0.0000e+000 -8.0769e+006 
 6.9231e+006 -2.3077e+007  0.0000e+000  2.3077e+007 -6.9231e+006  0.0000e+000 
-2.3077e+007  6.9231e+006  0.0000e+000 -6.9231e+006  2.3077e+007  0.0000e+000 
 8.0769e+006 -8.0769e+006 -8.0769e+006  0.0000e+000  0.0000e+000  8.0769e+006 


Element Stiffnessmatrix: 34
 8.0769e+006  0.0000e+000  0.0000e+000 -8.0769e+006 -8.0769e+006  8.0769e+006 
 0.0000e+000  2.3077e+007 -6.9231e+006  0.0000e+000  6.9231e+006 -2.3077e+007 
 0.0000e+000 -6.9231e+006  2.3077e+007  0.0000e+000 -2.3077e+007  6.9231e+006 
-8.0769e+006  0.0000e+000  0.0000e+000  8.0769e+006  8.0769e+006 -8.0769e+006 
-8.0769e+006  6.9231e+006 -2.3077e+007  8.0769e+006  3.1154e+007 -1.5000e+007 
 8.0769e+006 -2.3077e+007  6.9231e+006 -8.0769e+006 -1.5000e+007  3.1154e+007 


Element Stiffnessmatrix: 35
 3.1154e+007 -1.5000e+007 -8.0769e+006  6.9231e+006 -2.3077e+007  8.0769e+006 
-1.5000e+007  3.1154e+007  8.0769e+006 -2.3077e+007  6.9231e+006 -8.0769e+006 
-8.0769e+006  8.0769e+006  8.0769e+006  0.0000e+000  0.0000e+000 -8.0769e+006 
 6.9231e+006 -2.3077e+007  0.0000e+000  2.3077e+007 -6.9231e+006  0.0000e+000 
-2.3077e+007  6.9231e+006  0.0000e+000 -6.9231e+006  2.3077e+007  0.0000e+000 
 8.0769e+006 -8.0769e+006 -8.0769e+006  0.0000e+000  0.0000e+000  8.0769e+006 


Element Stiffnessmatrix: 36
 7.3421e+006  3.7869e+006 -1.3552e+007 -4.9848e+006  6.2101e+006  1.1980e+006 
 3.7869e+006  8.6051e+006 -3.8310e+006  1.8479e+005  4.4143e+004 -8.7899e+006 
-1.3552e+007 -3.8310e+006  5.0401e+007 -9.7232e+006 -3.6849e+007  1.3554e+007 
-4.9848e+006  1.8479e+005 -9.7232e+006  2.1664e+007  1.4708e+007 -2.1849e+007 
 6.2101e+006  4.4143e+004 -3.6849e+007  1.4708e+007  3.0639e+007 -1.4752e+007 
 1.1980e+006 -8.7899e+006  1.3554e+007 -2.1849e+007 -1.4752e+007  3.0639e+007 


Element Stiffnessmatrix: 37
 7.2754e+006 -2.5119e+006  5.2708e+005 -6.5926e+006 -7.8025e+006  9.1045e+006 
-2.5119e+006  1.8761e+007 -5.4388e+006 -9.3968e+006  7.9506e+006 -9.3638e+006 
 5.2708e+005 -5.4388e+006  2.5657e+007  7.9867e+006 -2.6185e+007 -2.5479e+006 
-6.5926e+006 -9.3968e+006  7.9867e+006  1.4642e+007 -1.3940e+006 -5.2450e+006 
-7.8025e+006  7.9506e+006 -2.6185e+007 -1.3940e+006  3.3987e+007 -6.5566e+006 
 9.1045e+006 -9.3638e+006 -2.5479e+006 -5.2450e+006 -6.5566e+006  1.4609e+007 


Element Stiffnessmatrix: 38
 2.9338e+007 -5.2605e+006 -2.2908e+006  6.9231e+006 -2.7047e+007 -1.6626e+006 
-5.2605e+006  1.2282e+007  8.0769e+006 -6.5451e+006 -2.8164e+006 -5.7374e+006 
-2.2908e+006  8.0769e+006  6.5321e+006  0.0000e+000 -4.2413e+006 -8.0769e+006 
 6.9231e+006 -6.5451e+006  0.0000e+000  1.8663e+007 -6.9231e+006 -1.2118e+007 
-2.7047e+007 -2.8164e+006 -4.2413e+006 -6.9231e+006  3.1288e+007  9.7395e+006 
-1.6626e+006 -5.7374e+006 -8.0769e+006 -1.2118e+007  9.7395e+006  1.7855e+007 


Element Stiffnessmatrix: 39
 8.0477e+006 -2.0857e+006 -2.0831e+006 -6.6499e+006 -5.9646e+006  8.7357e+006 
-2.0857e+006  2.1800e+007 -5.4961e+006 -1.3717e+007  7.5818e+006 -8.0832e+006 
-2.0831e+006 -5.4961e+006  2.3700e+007  9.2862e+006 -2.1617e+007 -3.7901e+006 
-6.6499e+006 -1.3717e+007  9.2862e+006  1.7181e+007 -2.6363e+006 -3.4639e+006 
-5.9646e+006  7.5818e+006 -2.1617e+007 -2.6363e+006  2.7581e+007 -4.9455e+006 
 8.7357e+006 -8.0832e+006 -3.7901e+006 -3.4639e+006 -4.9455e+006  1.1547e+007 


Element Stiffnessmatrix: 40
 2.5169e+007 -3.6045e+006 -1.8109e+006  6.9231e+006 -2.3358e+007 -3.3186e+006 
-3.6045e+006  9.9001e+006  8.0769e+006 -5.1739e+006 -4.4724e+006 -4.7262e+006 
-1.8109e+006  8.0769e+006  7.5358e+006  0.0000e+000 -5.7250e+006 -8.0769e+006 
 6.9231e+006 -5.1739e+006  0.0000e+000  2.1531e+007 -6.9231e+006 -1.6357e+007 
-2.3358e+007 -4.4724e+006 -5.7250e+006 -6.9231e+006  2.9083e+007  1.1396e+007 
-3.3186e+006 -4.7262e+006 -8.0769e+006 -1.6357e+007  1.1396e+007  2.1083e+007 


Element Stiffnessmatrix: 41
 1.2487e+007 -3.9719e+006 -6.0484e+006 -4.7677e+006 -6.4381e+006  8.7396e+006 
-3.9719e+006  3.2785e+007 -3.6138e+006 -2.5791e+007  7.5858e+006 -6.9940e+006 
-6.0484e+006 -3.6138e+006  1.7857e+007  9.7403e+006 -1.1809e+007 -6.1264e+006 
-4.7677e+006 -2.5791e+007  9.7403e+006  2.5974e+007 -4.9726e+006 -1.8332e+005 
-6.4381e+006  7.5858e+006 -1.1809e+007 -4.9726e+006  1.8247e+007 -2.6132e+006 
 8.7396e+006 -6.9940e+006 -6.1264e+006 -1.8332e+005 -2.6132e+006  7.1773e+006 


Element Stiffnessmatrix: 42
 1.8865e+007  3.0000e+006  2.0192e+006  6.9231e+006 -2.0885e+007 -9.9231e+006 
 3.0000e+006  7.6154e+006  8.0769e+006  5.7692e+006 -1.1077e+007 -1.3385e+007 
 2.0192e+006  8.0769e+006  1.0096e+007  0.0000e+000 -1.2115e+007 -8.0769e+006 
 6.9231e+006  5.7692e+006  0.0000e+000  2.8846e+007 -6.9231e+006 -3.4615e+007 
-2.0885e+007 -1.1077e+007 -1.2115e+007 -6.9231e+006  3.3000e+007  1.8000e+007 
-9.9231e+006 -1.3385e+007 -8.0769e+006 -3.4615e+007  1.8000e+007  4.8000e+007 


Element Stiffnessmatrix: 43
 1.2462e+007 -6.0000e+006  4.3846e+006  9.2308e+005 -1.6846e+007  5.0769e+006 
-6.0000e+006  1.2462e+007  2.0769e+006 -1.0615e+007  3.9231e+006 -1.8462e+006 
 4.3846e+006  2.0769e+006  1.6500e+007  9.0000e+006 -2.0885e+007 -1.1077e+007 
 9.2308e+005 -1.0615e+007  9.0000e+006  2.4000e+007 -9.9231e+006 -1.3385e+007 
-1.6846e+007  3.9231e+006 -2.0885e+007 -9.9231e+006  3.7731e+007  6.0000e+006 
 5.0769e+006 -1.8462e+006 -1.1077e+007 -1.3385e+007  6.0000e+006  1.5231e+007 


Element Stiffnessmatrix: 44
 1.2462e+007 -6.0000e+006 -8.0769e+006  6.9231e+006 -4.3846e+006 -9.2308e+005 
-6.0000e+006  1.2462e+007  8.0769e+006 -2.3077e+007 -2.0769e+006  1.0615e+007 
-8.0769e+006  8.0769e+006  2.0192e+007  0.0000e+000 -1.2115e+007 -8.0769e+006 
 6.9231e+006 -2.3077e+007  0.0000e+000  5.7692e+007 -6.9231e+006 -3.4615e+007 
-4.3846e+006 -2.0769e+006 -1.2115e+007 -6.9231e+006  1.6500e+007  9.0000e+006 
-9.2308e+005  1.0615e+007 -8.0769e+006 -3.4615e+007  9.0000e+006  2.4000e+007 


Element Stiffnessmatrix: 45
 8.0769e+006  0.0000e+000  0.0000e+000 -8.0769e+006 -8.0769e+006  8.0769e+006 
 0.0000e+000  2.3077e+007 -6.9231e+006  0.0000e+000  6.9231e+006 -2.3077e+007 
 0.0000e+000 -6.9231e+006  2.3077e+007  0.0000e+000 -2.3077e+007  6.9231e+006 
-8.0769e+006  0.0000e+000  0.0000e+000  8.0769e+006  8.0769e+006 -8.0769e+006 
-8.0769e+006  6.9231e+006 -2.3077e+007  8.0769e+006  3.1154e+007 -1.5000e+007 
 8.0769e+006 -2.3077e+007  6.9231e+006 -8.0769e+006 -1.5000e+007  3.1154e+007 


Element Stiffnessmatrix: 46
 3.1154e+007  1.5000e+007 -2.3077e+007 -8.0769e+006 -8.0769e+006 -6.9231e+006 
 1.5000e+007  3.1154e+007 -6.9231e+006 -8.0769e+006 -8.0769e+006 -2.3077e+007 
-2.3077e+007 -6.9231e+006  2.3077e+007  0.0000e+000  0.0000e+000  6.9231e+006 
-8.0769e+006 -8.0769e+006  0.0000e+000  8.0769e+006  8.0769e+006  0.0000e+000 
-8.0769e+006 -8.0769e+006  0.0000e+000  8.0769e+006  8.0769e+006  0.0000e+000 
-6.9231e+006 -2.3077e+007  6.9231e+006  0.0000e+000  0.0000e+000  2.3077e+007 


Element Stiffnessmatrix: 47
 2.3077e+007  0.0000e+000  0.0000e+000  6.9231e+006 -2.3077e+007 -6.9231e+006 
 0.0000e+000  8.0769e+006  8.0769e+006  0.0000e+000 -8.0769e+006 -8.0769e+006 
 0.0000e+000  8.0769e+006  8.0769e+006  0.0000e+000 -8.0769e+006 -8.0769e+006 
 6.9231e+006  0.0000e+000  0.0000e+000  2.3077e+007 -6.9231e+006 -2.3077e+007 
-2.3077e+007 -8.0769e+006 -8.0769e+006 -6.9231e+006  3.1154e+007  1.5000e+007 
-6.9231e+006 -8.0769e+006 -8.0769e+006 -2.3077e+007  1.5000e+007  3.1154e+007 


Element Stiffnessmatrix: 48
 3.1154e+007  1.5000e+007 -2.3077e+007 -8.0769e+006 -8.0769e+006 -6.9231e+006 
 1.5000e+007  3.1154e+007 -6.9231e+006 -8.0769e+006 -8.0769e+006 -2.3077e+007 
-2.3077e+007 -6.9231e+006  2.3077e+007  0.0000e+000  0.0000e+000  6.9231e+006 
-8.0769e+006 -8.0769e+006  0.0000e+000  8.0769e+006  8.0769e+006  0.0000e+000 
-8.0769e+006 -8.0769e+006  0.0000e+000  8.0769e+006  8.0769e+006  0.0000e+000 
-6.9231e+006 -2.3077e+007  6.9231e+006  0.0000e+000  0.0000e+000  2.3077e+007 


Element Stiffnessmatrix: 49
 2.3077e+007  0.0000e+000  0.0000e+000  6.9231e+006 -2.3077e+007 -6.9231e+006 
 0.0000e+000  8.0769e+006  8.0769e+006  0.0000e+000 -8.0769e+006 -8.0769e+006 
 0.0000e+000  8.0769e+006  8.0769e+006  0.0000e+000 -8.0769e+006 -8.0769e+006 
 6.9231e+006  0.0000e+000  0.0000e+000  2.3077e+007 -6.9231e+006 -2.3077e+007 
-2.3077e+007 -8.0769e+006 -8.0769e+006 -6.9231e+006  3.1154e+007  1.5000e+007 
-6.9231e+006 -8.0769e+006 -8.0769e+006 -2.3077e+007  1.5000e+007  3.1154e+007 


Element Stiffnessmatrix: 50
 3.1154e+007  1.5000e+007 -2.3077e+007 -8.0769e+006 -8.0769e+006 -6.9231e+006 
 1.5000e+007  3.1154e+007 -6.9231e+006 -8.0769e+006 -8.0769e+006 -2.3077e+007 
-2.3077e+007 -6.9231e+006  2.3077e+007  0.0000e+000  0.0000e+000  6.9231e+006 
-8.0769e+006 -8.0769e+006  0.0000e+000  8.0769e+006  8.0769e+006  0.0000e+000 
-8.0769e+006 -8.0769e+006  0.0000e+000  8.0769e+006  8.0769e+006  0.0000e+000 
-6.9231e+006 -2.3077e+007  6.9231e+006  0.0000e+000  0.0000e+000  2.3077e+007 


Element Stiffnessmatrix: 51
 2.3077e+007  0.0000e+000  0.0000e+000  6.9231e+006 -2.3077e+007 -6.9231e+006 
 0.0000e+000  8.0769e+006  8.0769e+006  0.0000e+000 -8.0769e+006 -8.0769e+006 
 0.0000e+000  8.0769e+006  8.0769e+006  0.0000e+000 -8.0769e+006 -8.0769e+006 
 6.9231e+006  0.0000e+000  0.0000e+000  2.3077e+007 -6.9231e+006 -2.3077e+007 
-2.3077e+007 -8.0769e+006 -8.0769e+006 -6.9231e+006  3.1154e+007  1.5000e+007 
-6.9231e+006 -8.0769e+006 -8.0769e+006 -2.3077e+007  1.5000e+007  3.1154e+007 


Element Stiffnessmatrix: 52
 3.1154e+007  1.5000e+007 -2.3077e+007 -8.0769e+006 -8.0769e+006 -6.9231e+006 
 1.5000e+007  3.1154e+007 -6.9231e+006 -8.0769e+006 -8.0769e+006 -2.3077e+007 
-2.3077e+007 -6.9231e+006  2.3077e+007  0.0000e+000  0.0000e+000  6.9231e+006 
-8.0769e+006 -8.0769e+006  0.0000e+000  8.0769e+006  8.0769e+006  0.0000e+000 
-8.0769e+006 -8.0769e+006  0.0000e+000  8.0769e+006  8.0769e+006  0.0000e+000 
-6.9231e+006 -2.3077e+007  6.9231e+006  0.0000e+000  0.0000e+000  2.3077e+007 


Element Stiffnessmatrix: 53
 8.0769e+006  0.0000e+000 -8.0769e+006 -8.0769e+006  0.0000e+000  8.0769e+006 
 0.0000e+000  2.3077e+007 -6.9231e+006 -2.3077e+007  6.9231e+006  0.0000e+000 
-8.0769e+006 -6.9231e+006  3.1154e+007  1.5000e+007 -2.3077e+007 -8.0769e+006 
-8.0769e+006 -2.3077e+007  1.5000e+007  3.1154e+007 -6.9231e+006 -8.0769e+006 
 0.0000e+000  6.9231e+006 -2.3077e+007 -6.9231e+006  2.3077e+007  0.0000e+000 
 8.0769e+006  0.0000e+000 -8.0769e+006 -8.0769e+006  0.0000e+000  8.0769e+006 


Element Stiffnessmatrix: 54
 2.3077e+007  0.0000e+000 -2.3077e+007  6.9231e+006  0.0000e+000 -6.9231e+006 
 0.0000e+000  8.0769e+006  8.0769e+006 -8.0769e+006 -8.0769e+006  0.0000e+000 
-2.3077e+007  8.0769e+006  3.1154e+007 -1.5000e+007 -8.0769e+006  6.9231e+006 
 6.9231e+006 -8.0769e+006 -1.5000e+007  3.1154e+007  8.0769e+006 -2.3077e+007 
 0.0000e+000 -8.0769e+006 -8.0769e+006  8.0769e+006  8.0769e+006  0.0000e+000 
-6.9231e+006  0.0000e+000  6.9231e+006 -2.3077e+007  0.0000e+000  2.3077e+007 


Element Stiffnessmatrix: 55
 8.0769e+006  0.0000e+000  0.0000e+000 -8.0769e+006 -8.0769e+006  8.0769e+006 
 0.0000e+000  2.3077e+007 -6.9231e+006  0.0000e+000  6.9231e+006 -2.3077e+007 
 0.0000e+000 -6.9231e+006  2.3077e+007  0.0000e+000 -2.3077e+007  6.9231e+006 
-8.0769e+006  0.0000e+000  0.0000e+000  8.0769e+006  8.0769e+006 -8.0769e+006 
-8.0769e+006  6.9231e+006 -2.3077e+007  8.0769e+006  3.1154e+007 -1.5000e+007 
 8.0769e+006 -2.3077e+007  6.9231e+006 -8.0769e+006 -1.5000e+007  3.1154e+007 


Element Stiffnessmatrix: 56
 3.2042e+007 -1.0193e+007 -2.7687e+007  2.1156e+006 -4.3549e+006  8.0769e+006 
-1.0193e+007  8.4130e+007  3.2694e+006 -8.2606e+007  6.9231e+006 -1.5242e+006 
-2.7687e+007  3.2694e+006  2.9741e+007  4.8075e+006 -2.0541e+006 -8.0769e+006 
 2.1156e+006 -8.2606e+007  4.8075e+006  8.3325e+007 -6.9231e+006 -7.1892e+005 
-4.3549e+006  6.9231e+006 -2.0541e+006 -6.9231e+006  6.4089e+006  0.0000e+000 
 8.0769e+006 -1.5242e+006 -8.0769e+006 -7.1892e+005  0.0000e+000  2.2431e+006 


Element Stiffnessmatrix: 57
 2.3077e+007  0.0000e+000 -2.3077e+007  6.9231e+006  0.0000e+000 -6.9231e+006 
 0.0000e+000  8.0769e+006  8.0769e+006 -8.0769e+006 -8.0769e+006  0.0000e+000 
-2.3077e+007  8.0769e+006  3.1154e+007 -1.5000e+007 -8.0769e+006  6.9231e+006 
 6.9231e+006 -8.0769e+006 -1.5000e+007  3.1154e+007  8.0769e+006 -2.3077e+007 
 0.0000e+000 -8.0769e+006 -8.0769e+006  8.0769e+006  8.0769e+006  0.0000e+000 
-6.9231e+006  0.0000e+000  6.9231e+006 -2.3077e+007  0.0000e+000  2.3077e+007 


Element Stiffnessmatrix: 58
 2.3441e+007 -9.1116e+006 -1.4727e+007  1.0447e+007 -8.7140e+006 -1.3356e+006 
-9.1116e+006  1.6825e+007  1.1601e+007 -2.2680e+007 -2.4894e+006  5.8553e+006 
-1.4727e+007  1.1601e+007  1.7204e+007 -7.1646e+006 -2.4771e+006 -4.4364e+006 
 1.0447e+007 -2.2680e+007 -7.1646e+006  4.1651e+007 -3.2826e+006 -1.8971e+007 
-8.7140e+006 -2.4894e+006 -2.4771e+006 -3.2826e+006  1.1191e+007  5.7720e+006 
-1.3356e+006  5.8553e+006 -4.4364e+006 -1.8971e+007  5.7720e+006  1.3116e+007 


Element Stiffnessmatrix: 59
 1.0622e+007  0.0000e+000 -4.9615e+006 -8.0769e+006 -5.6604e+006  8.0769e+006 
 0.0000e+000  3.0348e+007 -6.9231e+006 -1.4176e+007  6.9231e+006 -1.6173e+007 
-4.9615e+006 -6.9231e+006  1.9865e+007  7.0065e+006 -1.4904e+007 -8.3423e+004 
-8.0769e+006 -1.4176e+007  7.0065e+006  1.2763e+007  1.0704e+006  1.4126e+006 
-5.6604e+006  6.9231e+006 -1.4904e+007  1.0704e+006  2.0564e+007 -7.9935e+006 
 8.0769e+006 -1.6173e+007 -8.3423e+004  1.4126e+006 -7.9935e+006  1.4760e+007 


Element Stiffnessmatrix: 60
