################# FESOLVE #################
#	Sascha Leuthold						    

Model-Data:

Node: Number / X / Y / Z / Fx / Fy / Fz / Fxx / Fyy / Fzz / Cx / Cy / Cz / Cxx / Cyy / Czz
         1      0.000      0.000      0.000      0.000      0.000      0.000      0.000      0.000      0.000          1          1          0          0          0          0 
         2     10.000      0.450      0.000      0.000      0.000      0.000      0.000      0.000      0.000          0          0          0          0          0          0 
         3     20.000      0.900      0.000      0.000      0.000      0.000      0.000      0.000      0.000          0          0          0          0          0          0 
         4     30.000      1.350      0.000      0.000      0.000      0.000      0.000      0.000      0.000          0          0          0          0          0          0 
         5     40.000      1.800      0.000      0.000      0.000      0.000      0.000      0.000      0.000          0          0          0          0          0          0 
         6     50.000      2.250      0.000      0.000      0.000      0.000      0.000      0.000      0.000          0          0          0          0          0          0 
         7     60.000      2.700      0.000      0.000      0.000      0.000      0.000      0.000      0.000          0          0          0          0          0          0 
         8     70.000      3.150      0.000      0.000      0.000      0.000      0.000      0.000      0.000          0          0          0          0          0          0 
         9     80.000      3.600      0.000      0.000      0.000      0.000      0.000      0.000      0.000          0          0          0          0          0          0 
        10     90.000      4.050      0.000      0.000      0.000      0.000      0.000      0.000      0.000          0          0          0          0          0          0 
        11    100.000      4.500      0.000     10.000      0.000      0.000      0.000      0.000      0.000          0          0          0          0          0          0 
        12      5.000      5.000      0.000      0.000      0.000      0.000      0.000      0.000      0.000          0          0          0          0          0          0 
        13     15.000      5.000      0.000      0.000      0.000      0.000      0.000      0.000      0.000          0          0          0          0          0          0 
        14     25.000      5.000      0.000      0.000      0.000      0.000      0.000      0.000      0.000          0          0          0          0          0          0 
        15     35.000      5.000      0.000      0.000      0.000      0.000      0.000      0.000      0.000          0          0          0          0          0          0 
        16     45.000      5.000      0.000      0.000      0.000      0.000      0.000      0.000      0.000          0          0          0          0          0          0 
        17     55.000      5.000      0.000      0.000      0.000      0.000      0.000      0.000      0.000          0          0          0          0          0          0 
        18     65.000      5.000      0.000      0.000      0.000      0.000      0.000      0.000      0.000          0          0          0          0          0          0 
        19     75.000      5.000      0.000      0.000      0.000      0.000      0.000      0.000      0.000          0          0          0          0          0          0 
        20     85.000      5.000      0.000      0.000      0.000      0.000      0.000      0.000      0.000          0          0          0          0          0          0 
        21     95.000      5.000      0.000      0.000      0.000      0.000      0.000      0.000      0.000          0          0          0          0          0          0 
        22      0.000     10.000      0.000      0.000      0.000      0.000      0.000      0.000      0.000          1          1          0          0          0          0 
        23     10.000      9.550      0.000      0.000      0.000      0.000      0.000      0.000      0.000          0          0          0          0          0          0 
        24     20.000      9.100      0.000      0.000      0.000      0.000      0.000      0.000      0.000          0          0          0          0          0          0 
        25     30.000      8.650      0.000      0.000      0.000      0.000      0.000      0.000      0.000          0          0          0          0          0          0 
        26     40.000      8.200      0.000      0.000      0.000      0.000      0.000      0.000      0.000          0          0          0          0          0          0 
        27     50.000      7.750      0.000      0.000      0.000      0.000      0.000      0.000      0.000          0          0          0          0          0          0 
        28     60.000      7.300      0.000      0.000      0.000      0.000      0.000      0.000      0.000          0          0          0          0          0          0 
        29     70.000      6.850      0.000      0.000      0.000      0.000      0.000      0.000      0.000          0          0          0          0          0          0 
        30     80.000      6.400      0.000      0.000      0.000      0.000      0.000      0.000      0.000          0          0          0          0          0          0 
        31     90.000      5.950      0.000      0.000      0.000      0.000      0.000      0.000      0.000          0          0          0          0          0          0 
        32    100.000      5.500      0.000     10.000      0.000      0.000      0.000      0.000      0.000          0          0          0          0          0          0 

Element: Number / NumberOfNodes / Dimension
    1     3     2 
    2     3     2 
    3     3     2 
    4     3     2 
    5     3     2 
    6     3     2 
    7     3     2 
    8     3     2 
    9     3     2 
   10     3     2 
   11     3     2 
   12     3     2 
   13     3     2 
   14     3     2 
   15     3     2 
   16     3     2 
   17     3     2 
   18     3     2 
   19     3     2 
   20     3     2 
   21     3     2 
   22     3     2 
   23     3     2 
   24     3     2 
   25     3     2 
   26     3     2 
   27     3     2 
   28     3     2 
   29     3     2 
   30     3     2 
   31     3     2 
   32     3     2 
   33     3     2 
   34     3     2 
   35     3     2 
   36     3     2 
   37     3     2 
   38     3     2 
   39     3     2 
   40     3     2 

Material: Number / EModul / Nue
    1 3.000e+003 3.000e-001 

Element Stiffnessmatrix: 1
 1.2152e+003 -1.0097e+002 -5.3343e+002 -5.2644e+002 -6.8178e+002  6.2741e+002 
-1.0097e+002  3.4545e+003 -4.4402e+002 -1.7013e+003  5.4499e+002 -1.7532e+003 
-5.3343e+002 -4.4402e+002  1.0167e+003  5.1047e+002 -4.8329e+002 -6.6452e+001 
-5.2644e+002 -1.7013e+003  5.1047e+002  1.1131e+003  1.5966e+001  5.8814e+002 
-6.8178e+002  5.4499e+002 -4.8329e+002  1.5966e+001  1.1651e+003 -5.6096e+002 
 6.2741e+002 -1.7532e+003 -6.6452e+001  5.8814e+002 -5.6096e+002  1.1651e+003 


Element Stiffnessmatrix: 2
 3.0000e+003  0.0000e+000 -1.5000e+003  4.9451e+002 -1.5000e+003 -4.9451e+002 
 0.0000e+000  1.0500e+003  5.7692e+002 -5.2500e+002 -5.7692e+002 -5.2500e+002 
-1.5000e+003  5.7692e+002  1.0670e+003 -5.3571e+002  4.3301e+002 -4.1209e+001 
 4.9451e+002 -5.2500e+002 -5.3571e+002  1.1682e+003  4.1209e+001 -6.4319e+002 
-1.5000e+003 -5.7692e+002  4.3301e+002  4.1209e+001  1.0670e+003  5.3571e+002 
-4.9451e+002 -5.2500e+002 -4.1209e+001 -6.4319e+002  5.3571e+002  1.1682e+003 


Element Stiffnessmatrix: 3
 1.2152e+003  1.0097e+002 -6.8178e+002 -6.2741e+002 -5.3343e+002  5.2644e+002 
 1.0097e+002  3.4545e+003 -5.4499e+002 -1.7532e+003  4.4402e+002 -1.7013e+003 
-6.8178e+002 -5.4499e+002  1.1651e+003  5.6096e+002 -4.8329e+002 -1.5966e+001 
-6.2741e+002 -1.7532e+003  5.6096e+002  1.1651e+003  6.6452e+001  5.8814e+002 
-5.3343e+002  4.4402e+002 -4.8329e+002  6.6452e+001  1.0167e+003 -5.1047e+002 
 5.2644e+002 -1.7013e+003 -1.5966e+001  5.8814e+002 -5.1047e+002  1.1131e+003 


Element Stiffnessmatrix: 4
 3.2967e+003  0.0000e+000 -1.6484e+003  4.9451e+002 -1.6484e+003 -4.9451e+002 
 0.0000e+000  1.1538e+003  5.7692e+002 -5.7692e+002 -5.7692e+002 -5.7692e+002 
-1.6484e+003  5.7692e+002  1.1126e+003 -5.3571e+002  5.3571e+002 -4.1209e+001 
 4.9451e+002 -5.7692e+002 -5.3571e+002  1.1126e+003  4.1209e+001 -5.3571e+002 
-1.6484e+003 -5.7692e+002  5.3571e+002  4.1209e+001  1.1126e+003  5.3571e+002 
-4.9451e+002 -5.7692e+002 -4.1209e+001 -5.3571e+002  5.3571e+002  1.1126e+003 


Element Stiffnessmatrix: 5
 1.3416e+003 -1.1148e+002 -5.9665e+002 -5.2118e+002 -7.4500e+002  6.3266e+002 
-1.1148e+002  3.8139e+003 -4.3877e+002 -1.8810e+003  5.5024e+002 -1.9329e+003 
-5.9665e+002 -4.3877e+002  9.7415e+002  5.0784e+002 -3.7750e+002 -6.9078e+001 
-5.2118e+002 -1.8810e+003  5.0784e+002  1.1770e+003  1.3339e+001  7.0396e+002 
-7.4500e+002  5.5024e+002 -3.7750e+002  1.3339e+001  1.1225e+003 -5.6358e+002 
 6.3266e+002 -1.9329e+003 -6.9078e+001  7.0396e+002 -5.6358e+002  1.2290e+003 


Element Stiffnessmatrix: 6
 2.7033e+003  0.0000e+000 -1.3516e+003  4.9451e+002 -1.3516e+003 -4.9451e+002 
 0.0000e+000  9.4615e+002  5.7692e+002 -4.7308e+002 -5.7692e+002 -4.7308e+002 
-1.3516e+003  5.7692e+002  1.0276e+003 -5.3571e+002  3.2404e+002 -4.1209e+001 
 4.9451e+002 -4.7308e+002 -5.3571e+002  1.2416e+003  4.1209e+001 -7.6855e+002 
-1.3516e+003 -5.7692e+002  3.2404e+002  4.1209e+001  1.0276e+003  5.3571e+002 
-4.9451e+002 -4.7308e+002 -4.1209e+001 -7.6855e+002  5.3571e+002  1.2416e+003 


Element Stiffnessmatrix: 7
 1.3416e+003  1.1148e+002 -7.4500e+002 -6.3266e+002 -5.9665e+002  5.2118e+002 
 1.1148e+002  3.8139e+003 -5.5024e+002 -1.9329e+003  4.3877e+002 -1.8810e+003 
-7.4500e+002 -5.5024e+002  1.1225e+003  5.6358e+002 -3.7750e+002 -1.3339e+001 
-6.3266e+002 -1.9329e+003  5.6358e+002  1.2290e+003  6.9078e+001  7.0396e+002 
-5.9665e+002  4.3877e+002 -3.7750e+002  6.9078e+001  9.7415e+002 -5.0784e+002 
 5.2118e+002 -1.8810e+003 -1.3339e+001  7.0396e+002 -5.0784e+002  1.1770e+003 


Element Stiffnessmatrix: 8
 3.0000e+003  0.0000e+000 -1.5000e+003  4.9451e+002 -1.5000e+003 -4.9451e+002 
 0.0000e+000  1.0500e+003  5.7692e+002 -5.2500e+002 -5.7692e+002 -5.2500e+002 
-1.5000e+003  5.7692e+002  1.0670e+003 -5.3571e+002  4.3301e+002 -4.1209e+001 
 4.9451e+002 -5.2500e+002 -5.3571e+002  1.1682e+003  4.1209e+001 -6.4319e+002 
-1.5000e+003 -5.7692e+002  4.3301e+002  4.1209e+001  1.0670e+003  5.3571e+002 
-4.9451e+002 -5.2500e+002 -4.1209e+001 -6.4319e+002  5.3571e+002  1.1682e+003 


Element Stiffnessmatrix: 9
 1.4974e+003 -1.2442e+002 -6.7455e+002 -5.1471e+002 -8.2290e+002  6.3914e+002 
-1.2442e+002  4.2568e+003 -4.3229e+002 -2.1025e+003  5.5672e+002 -2.1544e+003 
-6.7455e+002 -4.3229e+002  9.3892e+002  5.0461e+002 -2.6437e+002 -7.2315e+001 
-5.1471e+002 -2.1025e+003  5.0461e+002  1.2618e+003  1.0103e+001  8.4065e+002 
-8.2290e+002  5.5672e+002 -2.6437e+002  1.0103e+001  1.0873e+003 -5.6682e+002 
 6.3914e+002 -2.1544e+003 -7.2315e+001  8.4065e+002 -5.6682e+002  1.3137e+003 


Element Stiffnessmatrix: 10
 2.4066e+003  0.0000e+000 -1.2033e+003  4.9451e+002 -1.2033e+003 -4.9451e+002 
 0.0000e+000  8.4231e+002  5.7692e+002 -4.2115e+002 -5.7692e+002 -4.2115e+002 
-1.2033e+003  5.7692e+002  9.9680e+002 -5.3571e+002  2.0650e+002 -4.1209e+001 
 4.9451e+002 -4.2115e+002 -5.3571e+002  1.3396e+003  4.1209e+001 -9.1843e+002 
-1.2033e+003 -5.7692e+002  2.0650e+002  4.1209e+001  9.9680e+002  5.3571e+002 
-4.9451e+002 -4.2115e+002 -4.1209e+001 -9.1843e+002  5.3571e+002  1.3396e+003 


Element Stiffnessmatrix: 11
 1.4974e+003  1.2442e+002 -8.2290e+002 -6.3914e+002 -6.7455e+002  5.1471e+002 
 1.2442e+002  4.2568e+003 -5.5672e+002 -2.1544e+003  4.3229e+002 -2.1025e+003 
-8.2290e+002 -5.5672e+002  1.0873e+003  5.6682e+002 -2.6437e+002 -1.0103e+001 
-6.3914e+002 -2.1544e+003  5.6682e+002  1.3137e+003  7.2315e+001  8.4065e+002 
-6.7455e+002  4.3229e+002 -2.6437e+002  7.2315e+001  9.3892e+002 -5.0461e+002 
 5.1471e+002 -2.1025e+003 -1.0103e+001  8.4065e+002 -5.0461e+002  1.2618e+003 


Element Stiffnessmatrix: 12
 2.7033e+003  0.0000e+000 -1.3516e+003  4.9451e+002 -1.3516e+003 -4.9451e+002 
 0.0000e+000  9.4615e+002  5.7692e+002 -4.7308e+002 -5.7692e+002 -4.7308e+002 
-1.3516e+003  5.7692e+002  1.0276e+003 -5.3571e+002  3.2404e+002 -4.1209e+001 
 4.9451e+002 -4.7308e+002 -5.3571e+002  1.2416e+003  4.1209e+001 -7.6855e+002 
-1.3516e+003 -5.7692e+002  3.2404e+002  4.1209e+001  1.0276e+003  5.3571e+002 
-4.9451e+002 -4.7308e+002 -4.1209e+001 -7.6855e+002  5.3571e+002  1.2416e+003 


Element Stiffnessmatrix: 13
 1.6942e+003 -1.4077e+002 -7.7292e+002 -5.0654e+002 -9.2127e+002  6.4731e+002 
-1.4077e+002  4.8161e+003 -4.2412e+002 -2.3821e+003  5.6489e+002 -2.4340e+003 
-7.7292e+002 -4.2412e+002  9.1393e+002  5.0052e+002 -1.4101e+002 -7.6402e+001 
-5.0654e+002 -2.3821e+003  5.0052e+002  1.3757e+003  6.0159e+000  1.0064e+003 
-9.2127e+002  5.6489e+002 -1.4101e+002  6.0159e+000  1.0623e+003 -5.7091e+002 
 6.4731e+002 -2.4340e+003 -7.6402e+001  1.0064e+003 -5.7091e+002  1.4276e+003 


Element Stiffnessmatrix: 14
 2.1099e+003  0.0000e+000 -1.0549e+003  4.9451e+002 -1.0549e+003 -4.9451e+002 
 0.0000e+000  7.3846e+002  5.7692e+002 -3.6923e+002 -5.7692e+002 -3.6923e+002 
-1.0549e+003  5.7692e+002  9.7819e+002 -5.3571e+002  7.6751e+001 -4.1209e+001 
 4.9451e+002 -3.6923e+002 -5.3571e+002  1.4724e+003  4.1209e+001 -1.1032e+003 
-1.0549e+003 -5.7692e+002  7.6751e+001  4.1209e+001  9.7819e+002  5.3571e+002 
-4.9451e+002 -3.6923e+002 -4.1209e+001 -1.1032e+003  5.3571e+002  1.4724e+003 


Element Stiffnessmatrix: 15
 1.6942e+003  1.4077e+002 -9.2127e+002 -6.4731e+002 -7.7292e+002  5.0654e+002 
 1.4077e+002  4.8161e+003 -5.6489e+002 -2.4340e+003  4.2412e+002 -2.3821e+003 
-9.2127e+002 -5.6489e+002  1.0623e+003  5.7091e+002 -1.4101e+002 -6.0159e+000 
-6.4731e+002 -2.4340e+003  5.7091e+002  1.4276e+003  7.6402e+001  1.0064e+003 
-7.7292e+002  4.2412e+002 -1.4101e+002  7.6402e+001  9.1393e+002 -5.0052e+002 
 5.0654e+002 -2.3821e+003 -6.0159e+000  1.0064e+003 -5.0052e+002  1.3757e+003 


Element Stiffnessmatrix: 16
 2.4066e+003  0.0000e+000 -1.2033e+003  4.9451e+002 -1.2033e+003 -4.9451e+002 
 0.0000e+000  8.4231e+002  5.7692e+002 -4.2115e+002 -5.7692e+002 -4.2115e+002 
-1.2033e+003  5.7692e+002  9.9680e+002 -5.3571e+002  2.0650e+002 -4.1209e+001 
 4.9451e+002 -4.2115e+002 -5.3571e+002  1.3396e+003  4.1209e+001 -9.1843e+002 
-1.2033e+003 -5.7692e+002  2.0650e+002  4.1209e+001  9.9680e+002  5.3571e+002 
-4.9451e+002 -4.2115e+002 -4.1209e+001 -9.1843e+002  5.3571e+002  1.3396e+003 


Element Stiffnessmatrix: 17
 1.9505e+003 -1.6206e+002 -9.0105e+002 -4.9589e+002 -1.0494e+003  6.5796e+002 
-1.6206e+002  5.5446e+003 -4.1347e+002 -2.7463e+003  5.7554e+002 -2.7983e+003 
-9.0105e+002 -4.1347e+002  9.0382e+002  4.9520e+002 -2.7703e+000 -8.1725e+001 
-4.9589e+002 -2.7463e+003  4.9520e+002  1.5318e+003  6.9258e-001  1.2145e+003 
-1.0494e+003  5.7554e+002 -2.7703e+000  6.9258e-001  1.0522e+003 -5.7623e+002 
 6.5796e+002 -2.7983e+003 -8.1725e+001  1.2145e+003 -5.7623e+002  1.5837e+003 


Element Stiffnessmatrix: 18
 1.8132e+003  0.0000e+000 -9.0659e+002  4.9451e+002 -9.0659e+002 -4.9451e+002 
 0.0000e+000  6.3462e+002  5.7692e+002 -3.1731e+002 -5.7692e+002 -3.1731e+002 
-9.0659e+002  5.7692e+002  9.7777e+002 -5.3571e+002 -7.1179e+001 -4.1209e+001 
 4.9451e+002 -3.1731e+002 -5.3571e+002  1.6572e+003  4.1209e+001 -1.3398e+003 
-9.0659e+002 -5.7692e+002 -7.1179e+001  4.1209e+001  9.7777e+002  5.3571e+002 
-4.9451e+002 -3.1731e+002 -4.1209e+001 -1.3398e+003  5.3571e+002  1.6572e+003 


Element Stiffnessmatrix: 19
 1.9505e+003  1.6206e+002 -1.0494e+003 -6.5796e+002 -9.0105e+002  4.9589e+002 
 1.6206e+002  5.5446e+003 -5.7554e+002 -2.7983e+003  4.1347e+002 -2.7463e+003 
-1.0494e+003 -5.7554e+002  1.0522e+003  5.7623e+002 -2.7703e+000 -6.9258e-001 
-6.5796e+002 -2.7983e+003  5.7623e+002  1.5837e+003  8.1725e+001  1.2145e+003 
-9.0105e+002  4.1347e+002 -2.7703e+000  8.1725e+001  9.0382e+002 -4.9520e+002 
 4.9589e+002 -2.7463e+003 -6.9258e-001  1.2145e+003 -4.9520e+002  1.5318e+003 


Element Stiffnessmatrix: 20
 2.1099e+003  0.0000e+000 -1.0549e+003  4.9451e+002 -1.0549e+003 -4.9451e+002 
 0.0000e+000  7.3846e+002  5.7692e+002 -3.6923e+002 -5.7692e+002 -3.6923e+002 
-1.0549e+003  5.7692e+002  9.7819e+002 -5.3571e+002  7.6751e+001 -4.1209e+001 
 4.9451e+002 -3.6923e+002 -5.3571e+002  1.4724e+003  4.1209e+001 -1.1032e+003 
-1.0549e+003 -5.7692e+002  7.6751e+001  4.1209e+001  9.7819e+002  5.3571e+002 
-4.9451e+002 -3.6923e+002 -4.1209e+001 -1.1032e+003  5.3571e+002  1.4724e+003 


Element Stiffnessmatrix: 21
 2.2981e+003 -1.9095e+002 -1.0749e+003 -4.8145e+002 -1.2232e+003  6.7240e+002 
-1.9095e+002  6.5328e+003 -3.9903e+002 -3.2404e+003  5.8998e+002 -3.2923e+003 
-1.0749e+003 -3.9903e+002  9.1655e+002  4.8798e+002  1.5831e+002 -8.8946e+001 
-4.8145e+002 -3.2404e+003  4.8798e+002  1.7529e+003 -6.5281e+000  1.4875e+003 
-1.2232e+003  5.8998e+002  1.5831e+002 -6.5281e+000  1.0649e+003 -5.8345e+002 
 6.7240e+002 -3.2923e+003 -8.8946e+001  1.4875e+003 -5.8345e+002  1.8048e+003 


Element Stiffnessmatrix: 22
 1.5165e+003  0.0000e+000 -7.5824e+002  4.9451e+002 -7.5824e+002 -4.9451e+002 
 0.0000e+000  5.3077e+002  5.7692e+002 -2.6538e+002 -5.7692e+002 -2.6538e+002 
-7.5824e+002  5.7692e+002  1.0062e+003 -5.3571e+002 -2.4797e+002 -4.1209e+001 
 4.9451e+002 -2.6538e+002 -5.3571e+002  1.9244e+003  4.1209e+001 -1.6590e+003 
-7.5824e+002 -5.7692e+002 -2.4797e+002  4.1209e+001  1.0062e+003  5.3571e+002 
-4.9451e+002 -2.6538e+002 -4.1209e+001 -1.6590e+003  5.3571e+002  1.9244e+003 


Element Stiffnessmatrix: 23
 2.2981e+003  1.9095e+002 -1.2232e+003 -6.7240e+002 -1.0749e+003  4.8145e+002 
 1.9095e+002  6.5328e+003 -5.8998e+002 -3.2923e+003  3.9903e+002 -3.2404e+003 
-1.2232e+003 -5.8998e+002  1.0649e+003  5.8345e+002  1.5831e+002  6.5281e+000 
-6.7240e+002 -3.2923e+003  5.8345e+002  1.8048e+003  8.8946e+001  1.4875e+003 
-1.0749e+003  3.9903e+002  1.5831e+002  8.8946e+001  9.1655e+002 -4.8798e+002 
 4.8145e+002 -3.2404e+003  6.5281e+000  1.4875e+003 -4.8798e+002  1.7529e+003 


Element Stiffnessmatrix: 24
 1.8132e+003  0.0000e+000 -9.0659e+002  4.9451e+002 -9.0659e+002 -4.9451e+002 
 0.0000e+000  6.3462e+002  5.7692e+002 -3.1731e+002 -5.7692e+002 -3.1731e+002 
-9.0659e+002  5.7692e+002  9.7777e+002 -5.3571e+002 -7.1179e+001 -4.1209e+001 
 4.9451e+002 -3.1731e+002 -5.3571e+002  1.6572e+003  4.1209e+001 -1.3398e+003 
-9.0659e+002 -5.7692e+002 -7.1179e+001  4.1209e+001  9.7777e+002  5.3571e+002 
-4.9451e+002 -3.1731e+002 -4.1209e+001 -1.3398e+003  5.3571e+002  1.6572e+003 


Element Stiffnessmatrix: 25
 2.7964e+003 -2.3236e+002 -1.3240e+003 -4.6074e+002 -1.4724e+003  6.9310e+002 
-2.3236e+002  7.9495e+003 -3.7833e+002 -3.9488e+003  6.1068e+002 -4.0007e+003 
-1.3240e+003 -3.7833e+002  9.6697e+002  4.7762e+002  3.5708e+002 -9.9298e+001 
-4.6074e+002 -3.9488e+003  4.7762e+002  2.0811e+003 -1.6881e+001  1.8677e+003 
-1.4724e+003  6.1068e+002  3.5708e+002 -1.6881e+001  1.1153e+003 -5.9380e+002 
 6.9310e+002 -4.0007e+003 -9.9298e+001  1.8677e+003 -5.9380e+002  2.1330e+003 


Element Stiffnessmatrix: 26
 1.2198e+003  0.0000e+000 -6.0989e+002  4.9451e+002 -6.0989e+002 -4.9451e+002 
 0.0000e+000  4.2692e+002  5.7692e+002 -2.1346e+002 -5.7692e+002 -2.1346e+002 
-6.0989e+002  5.7692e+002  1.0846e+003 -5.3571e+002 -4.7468e+002 -4.1209e+001 
 4.9451e+002 -2.1346e+002 -5.3571e+002  2.3342e+003  4.1209e+001 -2.1208e+003 
-6.0989e+002 -5.7692e+002 -4.7468e+002  4.1209e+001  1.0846e+003  5.3571e+002 
-4.9451e+002 -2.1346e+002 -4.1209e+001 -2.1208e+003  5.3571e+002  2.3342e+003 


Element Stiffnessmatrix: 27
 2.7964e+003  2.3236e+002 -1.4724e+003 -6.9310e+002 -1.3240e+003  4.6074e+002 
 2.3236e+002  7.9495e+003 -6.1068e+002 -4.0007e+003  3.7833e+002 -3.9488e+003 
-1.4724e+003 -6.1068e+002  1.1153e+003  5.9380e+002  3.5708e+002  1.6881e+001 
-6.9310e+002 -4.0007e+003  5.9380e+002  2.1330e+003  9.9298e+001  1.8677e+003 
-1.3240e+003  3.7833e+002  3.5708e+002  9.9298e+001  9.6697e+002 -4.7762e+002 
 4.6074e+002 -3.9488e+003  1.6881e+001  1.8677e+003 -4.7762e+002  2.0811e+003 


Element Stiffnessmatrix: 28
 1.5165e+003  0.0000e+000 -7.5824e+002  4.9451e+002 -7.5824e+002 -4.9451e+002 
 0.0000e+000  5.3077e+002  5.7692e+002 -2.6538e+002 -5.7692e+002 -2.6538e+002 
-7.5824e+002  5.7692e+002  1.0062e+003 -5.3571e+002 -2.4797e+002 -4.1209e+001 
 4.9451e+002 -2.6538e+002 -5.3571e+002  1.9244e+003  4.1209e+001 -1.6590e+003 
-7.5824e+002 -5.7692e+002 -2.4797e+002  4.1209e+001  1.0062e+003  5.3571e+002 
-4.9451e+002 -2.6538e+002 -4.1209e+001 -1.6590e+003  5.3571e+002  1.9244e+003 


Element Stiffnessmatrix: 29
 3.5708e+003 -2.9670e+002 -1.7112e+003 -4.2857e+002 -1.8596e+003  7.2527e+002 
-2.9670e+002  1.0151e+004 -3.4615e+002 -5.0495e+003  6.4286e+002 -5.1014e+003 
-1.7112e+003 -3.4615e+002  1.0864e+003  4.6154e+002  6.2485e+002 -1.1538e+002 
-4.2857e+002 -5.0495e+003  4.6154e+002  2.6055e+003 -3.2967e+001  2.4440e+003 
-1.8596e+003  6.4286e+002  6.2485e+002 -3.2967e+001  1.2347e+003 -6.0989e+002 
 7.2527e+002 -5.1014e+003 -1.1538e+002  2.4440e+003 -6.0989e+002  2.6574e+003 


Element Stiffnessmatrix: 30
 9.2308e+002  0.0000e+000 -4.6154e+002  4.9451e+002 -4.6154e+002 -4.9451e+002 
 0.0000e+000  3.2308e+002  5.7692e+002 -1.6154e+002 -5.7692e+002 -1.6154e+002 
-4.6154e+002  5.7692e+002  1.2610e+003 -5.3571e+002 -7.9945e+002 -4.1209e+001 
 4.9451e+002 -1.6154e+002 -5.3571e+002  3.0243e+003  4.1209e+001 -2.8627e+003 
-4.6154e+002 -5.7692e+002 -7.9945e+002  4.1209e+001  1.2610e+003  5.3571e+002 
-4.9451e+002 -1.6154e+002 -4.1209e+001 -2.8627e+003  5.3571e+002  3.0243e+003 


Element Stiffnessmatrix: 31
 3.5708e+003  2.9670e+002 -1.8596e+003 -7.2527e+002 -1.7112e+003  4.2857e+002 
 2.9670e+002  1.0151e+004 -6.4286e+002 -5.1014e+003  3.4615e+002 -5.0495e+003 
-1.8596e+003 -6.4286e+002  1.2347e+003  6.0989e+002  6.2485e+002  3.2967e+001 
-7.2527e+002 -5.1014e+003  6.0989e+002  2.6574e+003  1.1538e+002  2.4440e+003 
-1.7112e+003  3.4615e+002  6.2485e+002  1.1538e+002  1.0864e+003 -4.6154e+002 
 4.2857e+002 -5.0495e+003  3.2967e+001  2.4440e+003 -4.6154e+002  2.6055e+003 


Element Stiffnessmatrix: 32
 1.2198e+003  0.0000e+000 -6.0989e+002  4.9451e+002 -6.0989e+002 -4.9451e+002 
 0.0000e+000  4.2692e+002  5.7692e+002 -2.1346e+002 -5.7692e+002 -2.1346e+002 
-6.0989e+002  5.7692e+002  1.0846e+003 -5.3571e+002 -4.7468e+002 -4.1209e+001 
 4.9451e+002 -2.1346e+002 -5.3571e+002  2.3342e+003  4.1209e+001 -2.1208e+003 
-6.0989e+002 -5.7692e+002 -4.7468e+002  4.1209e+001  1.0846e+003  5.3571e+002 
-4.9451e+002 -2.1346e+002 -4.1209e+001 -2.1208e+003  5.3571e+002  2.3342e+003 


Element Stiffnessmatrix: 33
 4.9384e+003 -4.1033e+002 -2.3950e+003 -3.7176e+002 -2.5434e+003  7.8209e+002 
-4.1033e+002  1.4038e+004 -2.8934e+002 -6.9933e+003  6.9967e+002 -7.0452e+003 
-2.3950e+003 -2.8934e+002  1.3541e+003  4.3313e+002  1.0409e+003 -1.4379e+002 
-3.7176e+002 -6.9933e+003  4.3313e+002  3.5514e+003 -6.1375e+001  3.4418e+003 
-2.5434e+003  6.9967e+002  1.0409e+003 -6.1375e+001  1.5025e+003 -6.3830e+002 
 7.8209e+002 -7.0452e+003 -1.4379e+002  3.4418e+003 -6.3830e+002  3.6034e+003 


Element Stiffnessmatrix: 34
 6.2637e+002  0.0000e+000 -3.1319e+002  4.9451e+002 -3.1319e+002 -4.9451e+002 
 0.0000e+000  2.1923e+002  5.7692e+002 -1.0962e+002 -5.7692e+002 -1.0962e+002 
-3.1319e+002  5.7692e+002  1.6748e+003 -5.3571e+002 -1.3616e+003 -4.1209e+001 
 4.9451e+002 -1.0962e+002 -5.3571e+002  4.3926e+003  4.1209e+001 -4.2830e+003 
-3.1319e+002 -5.7692e+002 -1.3616e+003  4.1209e+001  1.6748e+003  5.3571e+002 
-4.9451e+002 -1.0962e+002 -4.1209e+001 -4.2830e+003  5.3571e+002  4.3926e+003 


Element Stiffnessmatrix: 35
 4.9384e+003  4.1033e+002 -2.5434e+003 -7.8209e+002 -2.3950e+003  3.7176e+002 
 4.1033e+002  1.4038e+004 -6.9967e+002 -7.0452e+003  2.8934e+002 -6.9933e+003 
-2.5434e+003 -6.9967e+002  1.5025e+003  6.3830e+002  1.0409e+003  6.1375e+001 
-7.8209e+002 -7.0452e+003  6.3830e+002  3.6034e+003  1.4379e+002  3.4418e+003 
-2.3950e+003  2.8934e+002  1.0409e+003  1.4379e+002  1.3541e+003 -4.3313e+002 
 3.7176e+002 -6.9933e+003  6.1375e+001  3.4418e+003 -4.3313e+002  3.5514e+003 


Element Stiffnessmatrix: 36
 9.2308e+002  0.0000e+000 -4.6154e+002  4.9451e+002 -4.6154e+002 -4.9451e+002 
 0.0000e+000  3.2308e+002  5.7692e+002 -1.6154e+002 -5.7692e+002 -1.6154e+002 
-4.6154e+002  5.7692e+002  1.2610e+003 -5.3571e+002 -7.9945e+002 -4.1209e+001 
 4.9451e+002 -1.6154e+002 -5.3571e+002  3.0243e+003  4.1209e+001 -2.8627e+003 
-4.6154e+002 -5.7692e+002 -7.9945e+002  4.1209e+001  1.2610e+003  5.3571e+002 
-4.9451e+002 -1.6154e+002 -4.1209e+001 -2.8627e+003  5.3571e+002  3.0243e+003 


Element Stiffnessmatrix: 37
 8.0036e+003 -6.6502e+002 -3.9276e+003 -2.4441e+002 -4.0760e+003  9.0944e+002 
-6.6502e+002  2.2752e+004 -1.6199e+002 -1.1350e+004  8.2702e+002 -1.1402e+004 
-3.9276e+003 -1.6199e+002  2.0462e+003  3.6946e+002  1.8814e+003 -2.0746e+002 
-2.4441e+002 -1.1350e+004  3.6946e+002  5.7039e+003 -1.2505e+002  5.6462e+003 
-4.0760e+003  8.2702e+002  1.8814e+003 -1.2505e+002  2.1946e+003 -7.0197e+002 
 9.0944e+002 -1.1402e+004 -2.0746e+002  5.6462e+003 -7.0197e+002  5.7558e+003 


Element Stiffnessmatrix: 38
 3.2967e+002  0.0000e+000 -1.6484e+002  4.9451e+002 -1.6484e+002 -4.9451e+002 
 0.0000e+000  1.1538e+002  5.7692e+002 -5.7692e+001 -5.7692e+002 -5.7692e+001 
-1.6484e+002  5.7692e+002  2.9670e+003 -5.3571e+002 -2.8022e+003 -4.1209e+001 
 4.9451e+002 -5.7692e+001 -5.3571e+002  8.2706e+003  4.1209e+001 -8.2129e+003 
-1.6484e+002 -5.7692e+002 -2.8022e+003  4.1209e+001  2.9670e+003  5.3571e+002 
-4.9451e+002 -5.7692e+001 -4.1209e+001 -8.2129e+003  5.3571e+002  8.2706e+003 


Element Stiffnessmatrix: 39
 8.0036e+003  6.6502e+002 -4.0760e+003 -9.0944e+002 -3.9276e+003  2.4441e+002 
 6.6502e+002  2.2752e+004 -8.2702e+002 -1.1402e+004  1.6199e+002 -1.1350e+004 
-4.0760e+003 -8.2702e+002  2.1946e+003  7.0197e+002  1.8814e+003  1.2505e+002 
-9.0944e+002 -1.1402e+004  7.0197e+002  5.7558e+003  2.0746e+002  5.6462e+003 
-3.9276e+003  1.6199e+002  1.8814e+003  2.0746e+002  2.0462e+003 -3.6946e+002 
 2.4441e+002 -1.1350e+004  1.2505e+002  5.6462e+003 -3.6946e+002  5.7039e+003 


Element Stiffnessmatrix: 40
 6.2637e+002  0.0000e+000 -3.1319e+002  4.9451e+002 -3.1319e+002 -4.9451e+002 
 0.0000e+000  2.1923e+002  5.7692e+002 -1.0962e+002 -5.7692e+002 -1.0962e+002 
-3.1319e+002  5.7692e+002  1.6748e+003 -5.3571e+002 -1.3616e+003 -4.1209e+001 
 4.9451e+002 -1.0962e+002 -5.3571e+002  4.3926e+003  4.1209e+001 -4.2830e+003 
-3.1319e+002 -5.7692e+002 -1.3616e+003  4.1209e+001  1.6748e+003  5.3571e+002 
-4.9451e+002 -1.0962e+002 -4.1209e+001 -4.2830e+003  5.3571e+002  4.3926e+003 


SystemStiffnessMatrix:
 4.2732e+003 -5.3113e+001 -3.7750e+002 -6.9078e+001  0.0000e+000  0.0000e+000  0.0000e+000  0.0000e+000  0.0000e+000  0.0000e+000  0.0000e+000  0.0000e+000  0.0000e+000  0.0000e+000  0.0000e+000  0.0000e+000  0.0000e+000  0.0000e+000  0.0000e+000  0.0000e+000 -2.1818e+003  1.1219e+003 -2.0966e+003 -1.0157e+003  0.0000e+000  0.0000e+000  0.0000e+000  0.0000e+000  0.0000e+000  0.0000e+000  0.0000e+000  0.0000e+000  0.0000e+000  0.0000e+000  0.0000e+000  0.0000e+000  0.0000e+000  0.0000e+000  0.0000e+000  0.0000e+000  8.6602e+002 -2.1316e-014  0.0000e+000  0.0000e+000  0.0000e+000  0.0000e+000  0.0000e+000  0.0000e+000  0.0000e+000  0.0000e+000  0.0000e+000  0.0000e+000  0.0000e+000  0.0000e+000  0.0000e+000  0.0000e+000  0.0000e+000  0.0000e+000  0.0000e+000  0.0000e+000 
-5.3113e+001  4.6785e+003  1.3339e+001  7.0396e+002  0.0000e+000  0.0000e+000  0.0000e+000  0.0000e+000  0.0000e+000  0.0000e+000  0.0000e+000  0.0000e+000  0.0000e+000  0.0000e+000  0.0000e+000  0.0000e+000  0.0000e+000  0.0000e+000  0.0000e+000  0.0000e+000  1.1219e+003 -2.2782e+003 -1.0157e+003 -2.4060e+003  0.0000e+000  0.0000e+000  0.0000e+000  0.0000e+000  0.0000e+000  0.0000e+000  0.0000e+000  0.0000e+000  0.0000e+000  0.0000e+000  0.0000e+000  0.0000e+000  0.0000e+000  0.0000e+000  0.0000e+000  0.0000e+000 -5.6843e-014 -1.2864e+003  0.0000e+000  0.0000e+000  0.0000e+000  0.0000e+000  0.0000e+000  0.0000e+000  0.0000e+000  0.0000e+000  0.0000e+000  0.0000e+000  0.0000e+000  0.0000e+000  0.0000e+000  0.0000e+000  0.0000e+000  0.0000e+000  0.0000e+000  0.0000e+000 
-3.7750e+002  1.3339e+001  4.1166e+003 -5.8976e+001 -2.6437e+002 -7.2315e+001  0.0000e+000  0.0000e+000  0.0000e+000  0.0000e+000  0.0000e+000  0.0000e+000  0.0000e+000  0.0000e+000  0.0000e+000  0.0000e+000  0.0000e+000  0.0000e+000  0.0000e+000  0.0000e+000  0.0000e+000  0.0000e+000 -2.0966e+003  1.1272e+003 -2.0262e+003 -1.0092e+003  0.0000e+000  0.0000e+000  0.0000e+000  0.0000e+000  0.0000e+000  0.0000e+000  0.0000e+000  0.0000e+000  0.0000e+000  0.0000e+000  0.0000e+000  0.0000e+000  0.0000e+000  0.0000e+000  0.0000e+000  0.0000e+000  6.4808e+002  6.3949e-014  0.0000e+000  0.0000e+000  0.0000e+000  0.0000e+000  0.0000e+000  0.0000e+000  0.0000e+000  0.0000e+000  0.0000e+000  0.0000e+000  0.0000e+000  0.0000e+000  0.0000e+000  0.0000e+000  0.0000e+000  0.0000e+000 
-6.9078e+001  7.0396e+002 -5.8976e+001  4.9740e+003  1.0103e+001  8.4065e+002  0.0000e+000  0.0000e+000  0.0000e+000  0.0000e+000  0.0000e+000  0.0000e+000  0.0000e+000  0.0000e+000  0.0000e+000  0.0000e+000  0.0000e+000  0.0000e+000  0.0000e+000  0.0000e+000  0.0000e+000  0.0000e+000  1.1272e+003 -2.4060e+003 -1.0092e+003 -2.5755e+003  0.0000e+000  0.0000e+000  0.0000e+000  0.0000e+000  0.0000e+000  0.0000e+000  0.0000e+000  0.0000e+000  0.0000e+000  0.0000e+000  0.0000e+000  0.0000e+000  0.0000e+000  0.0000e+000  0.0000e+000  0.0000e+000 -2.8422e-014 -1.5371e+003  0.0000e+000  0.0000e+000  0.0000e+000  0.0000e+000  0.0000e+000  0.0000e+000  0.0000e+000  0.0000e+000  0.0000e+000  0.0000e+000  0.0000e+000  0.0000e+000  0.0000e+000  0.0000e+000  0.0000e+000  0.0000e+000 
 0.0000e+000  0.0000e+000 -2.6437e+002  1.0103e+001  3.9948e+003 -6.6299e+001 -1.4101e+002 -7.6402e+001  0.0000e+000  0.0000e+000  0.0000e+000  0.0000e+000  0.0000e+000  0.0000e+000  0.0000e+000  0.0000e+000  0.0000e+000  0.0000e+000  0.0000e+000  0.0000e+000  0.0000e+000  0.0000e+000  0.0000e+000  0.0000e+000 -2.0262e+003  1.1336e+003 -1.9762e+003 -1.0010e+003  0.0000e+000  0.0000e+000  0.0000e+000  0.0000e+000  0.0000e+000  0.0000e+000  0.0000e+000  0.0000e+000  0.0000e+000  0.0000e+000  0.0000e+000  0.0000e+000  0.0000e+000  0.0000e+000  0.0000e+000  0.0000e+000  4.1299e+002 -2.8422e-014  0.0000e+000  0.0000e+000  0.0000e+000  0.0000e+000  0.0000e+000  0.0000e+000  0.0000e+000  0.0000e+000  0.0000e+000  0.0000e+000  0.0000e+000  0.0000e+000  0.0000e+000  0.0000e+000 
 0.0000e+000  0.0000e+000 -7.2315e+001  8.4065e+002 -6.6299e+001  5.3686e+003  6.0159e+000  1.0064e+003  0.0000e+000  0.0000e+000  0.0000e+000  0.0000e+000  0.0000e+000  0.0000e+000  0.0000e+000  0.0000e+000  0.0000e+000  0.0000e+000  0.0000e+000  0.0000e+000  0.0000e+000  0.0000e+000  0.0000e+000  0.0000e+000  1.1336e+003 -2.5755e+003 -1.0010e+003 -2.8033e+003  0.0000e+000  0.0000e+000  0.0000e+000  0.0000e+000  0.0000e+000  0.0000e+000  0.0000e+000  0.0000e+000  0.0000e+000  0.0000e+000  0.0000e+000  0.0000e+000  0.0000e+000  0.0000e+000  0.0000e+000  0.0000e+000  2.8422e-014 -1.8369e+003  0.0000e+000  0.0000e+000  0.0000e+000  0.0000e+000  0.0000e+000  0.0000e+000  0.0000e+000  0.0000e+000  0.0000e+000  0.0000e+000  0.0000e+000  0.0000e+000  0.0000e+000  0.0000e+000 
 0.0000e+000  0.0000e+000  0.0000e+000  0.0000e+000 -1.4101e+002  6.0159e+000  3.9225e+003 -7.5709e+001 -2.7703e+000 -8.1725e+001  0.0000e+000  0.0000e+000  0.0000e+000  0.0000e+000  0.0000e+000  0.0000e+000  0.0000e+000  0.0000e+000  0.0000e+000  0.0000e+000  0.0000e+000  0.0000e+000  0.0000e+000  0.0000e+000  0.0000e+000  0.0000e+000 -1.9762e+003  1.1418e+003 -1.9560e+003 -9.9040e+002  0.0000e+000  0.0000e+000  0.0000e+000  0.0000e+000  0.0000e+000  0.0000e+000  0.0000e+000  0.0000e+000  0.0000e+000  0.0000e+000  0.0000e+000  0.0000e+000  0.0000e+000  0.0000e+000  0.0000e+000  0.0000e+000  1.5350e+002  7.1054e-015  0.0000e+000  0.0000e+000  0.0000e+000  0.0000e+000  0.0000e+000  0.0000e+000  0.0000e+000  0.0000e+000  0.0000e+000  0.0000e+000  0.0000e+000  0.0000e+000 
 0.0000e+000  0.0000e+000  0.0000e+000  0.0000e+000 -7.6402e+001  1.0064e+003 -7.5709e+001  5.9042e+003  6.9258e-001  1.2145e+003  0.0000e+000  0.0000e+000  0.0000e+000  0.0000e+000  0.0000e+000  0.0000e+000  0.0000e+000  0.0000e+000  0.0000e+000  0.0000e+000  0.0000e+000  0.0000e+000  0.0000e+000  0.0000e+000  0.0000e+000  0.0000e+000  1.1418e+003 -2.8033e+003 -9.9040e+002 -3.1156e+003  0.0000e+000  0.0000e+000  0.0000e+000  0.0000e+000  0.0000e+000  0.0000e+000  0.0000e+000  0.0000e+000  0.0000e+000  0.0000e+000  0.0000e+000  0.0000e+000  0.0000e+000  0.0000e+000  0.0000e+000  0.0000e+000  4.9738e-014 -2.2063e+003  0.0000e+000  0.0000e+000  0.0000e+000  0.0000e+000  0.0000e+000  0.0000e+000  0.0000e+000  0.0000e+000  0.0000e+000  0.0000e+000  0.0000e+000  0.0000e+000 
 0.0000e+000  0.0000e+000  0.0000e+000  0.0000e+000  0.0000e+000  0.0000e+000 -2.7703e+000  6.9258e-001  3.9243e+003 -8.8253e+001  1.5831e+002 -8.8946e+001  0.0000e+000  0.0000e+000  0.0000e+000  0.0000e+000  0.0000e+000  0.0000e+000  0.0000e+000  0.0000e+000  0.0000e+000  0.0000e+000  0.0000e+000  0.0000e+000  0.0000e+000  0.0000e+000  0.0000e+000  0.0000e+000 -1.9560e+003  1.1525e+003 -1.9814e+003 -9.7595e+002  0.0000e+000  0.0000e+000  0.0000e+000  0.0000e+000  0.0000e+000  0.0000e+000  0.0000e+000  0.0000e+000  0.0000e+000  0.0000e+000  0.0000e+000  0.0000e+000  0.0000e+000  0.0000e+000  0.0000e+000  0.0000e+000 -1.4236e+002  0.0000e+000  0.0000e+000  0.0000e+000  0.0000e+000  0.0000e+000  0.0000e+000  0.0000e+000  0.0000e+000  0.0000e+000  0.0000e+000  0.0000e+000 
 0.0000e+000  0.0000e+000  0.0000e+000  0.0000e+000  0.0000e+000  0.0000e+000 -8.1725e+001  1.2145e+003 -8.8253e+001  6.6510e+003 -6.5281e+000  1.4875e+003  0.0000e+000  0.0000e+000  0.0000e+000  0.0000e+000  0.0000e+000  0.0000e+000  0.0000e+000  0.0000e+000  0.0000e+000  0.0000e+000  0.0000e+000  0.0000e+000  0.0000e+000  0.0000e+000  0.0000e+000  0.0000e+000  1.1525e+003 -3.1156e+003 -9.7595e+002 -3.5577e+003  0.0000e+000  0.0000e+000  0.0000e+000  0.0000e+000  0.0000e+000  0.0000e+000  0.0000e+000  0.0000e+000  0.0000e+000  0.0000e+000  0.0000e+000  0.0000e+000  0.0000e+000  0.0000e+000  0.0000e+000  0.0000e+000  0.0000e+000 -2.6797e+003  0.0000e+000  0.0000e+000  0.0000e+000  0.0000e+000  0.0000e+000  0.0000e+000  0.0000e+000  0.0000e+000  0.0000e+000  0.0000e+000 
 0.0000e+000  0.0000e+000  0.0000e+000  0.0000e+000  0.0000e+000  0.0000e+000  0.0000e+000  0.0000e+000  1.5831e+002 -6.5281e+000  4.0443e+003 -1.0583e+002  3.5708e+002 -9.9298e+001  0.0000e+000  0.0000e+000  0.0000e+000  0.0000e+000  0.0000e+000  0.0000e+000  0.0000e+000  0.0000e+000  0.0000e+000  0.0000e+000  0.0000e+000  0.0000e+000  0.0000e+000  0.0000e+000  0.0000e+000  0.0000e+000 -1.9814e+003  1.1669e+003 -2.0823e+003 -9.5525e+002  0.0000e+000  0.0000e+000  0.0000e+000  0.0000e+000  0.0000e+000  0.0000e+000  0.0000e+000  0.0000e+000  0.0000e+000  0.0000e+000  0.0000e+000  0.0000e+000  0.0000e+000  0.0000e+000  0.0000e+000  0.0000e+000 -4.9594e+002  2.8422e-014  0.0000e+000  0.0000e+000  0.0000e+000  0.0000e+000  0.0000e+000  0.0000e+000  0.0000e+000  0.0000e+000 
 0.0000e+000  0.0000e+000  0.0000e+000  0.0000e+000  0.0000e+000  0.0000e+000  0.0000e+000  0.0000e+000 -8.8946e+001  1.4875e+003 -1.0583e+002  7.7347e+003 -1.6881e+001  1.8677e+003  0.0000e+000  0.0000e+000  0.0000e+000  0.0000e+000  0.0000e+000  0.0000e+000  0.0000e+000  0.0000e+000  0.0000e+000  0.0000e+000  0.0000e+000  0.0000e+000  0.0000e+000  0.0000e+000  0.0000e+000  0.0000e+000  1.1669e+003 -3.5577e+003 -9.5525e+002 -4.2142e+003  0.0000e+000  0.0000e+000  0.0000e+000  0.0000e+000  0.0000e+000  0.0000e+000  0.0000e+000  0.0000e+000  0.0000e+000  0.0000e+000  0.0000e+000  0.0000e+000  0.0000e+000  0.0000e+000  0.0000e+000  0.0000e+000  1.4211e-014 -3.3180e+003  0.0000e+000  0.0000e+000  0.0000e+000  0.0000e+000  0.0000e+000  0.0000e+000  0.0000e+000  0.0000e+000 
 0.0000e+000  0.0000e+000  0.0000e+000  0.0000e+000  0.0000e+000  0.0000e+000  0.0000e+000  0.0000e+000  0.0000e+000  0.0000e+000  3.5708e+002 -1.6881e+001  4.3709e+003 -1.3227e+002  6.2485e+002 -1.1538e+002  0.0000e+000  0.0000e+000  0.0000e+000  0.0000e+000  0.0000e+000  0.0000e+000  0.0000e+000  0.0000e+000  0.0000e+000  0.0000e+000  0.0000e+000  0.0000e+000  0.0000e+000  0.0000e+000  0.0000e+000  0.0000e+000 -2.0823e+003  1.1876e+003 -2.3211e+003 -9.2308e+002  0.0000e+000  0.0000e+000  0.0000e+000  0.0000e+000  0.0000e+000  0.0000e+000  0.0000e+000  0.0000e+000  0.0000e+000  0.0000e+000  0.0000e+000  0.0000e+000  0.0000e+000  0.0000e+000  0.0000e+000  0.0000e+000 -9.4936e+002 -7.1054e-014  0.0000e+000  0.0000e+000  0.0000e+000  0.0000e+000  0.0000e+000  0.0000e+000 
 0.0000e+000  0.0000e+000  0.0000e+000  0.0000e+000  0.0000e+000  0.0000e+000  0.0000e+000  0.0000e+000  0.0000e+000  0.0000e+000 -9.9298e+001  1.8677e+003 -1.3227e+002  9.4070e+003 -3.2967e+001  2.4440e+003  0.0000e+000  0.0000e+000  0.0000e+000  0.0000e+000  0.0000e+000  0.0000e+000  0.0000e+000  0.0000e+000  0.0000e+000  0.0000e+000  0.0000e+000  0.0000e+000  0.0000e+000  0.0000e+000  0.0000e+000  0.0000e+000  1.1876e+003 -4.2142e+003 -9.2308e+002 -5.2629e+003  0.0000e+000  0.0000e+000  0.0000e+000  0.0000e+000  0.0000e+000  0.0000e+000  0.0000e+000  0.0000e+000  0.0000e+000  0.0000e+000  0.0000e+000  0.0000e+000  0.0000e+000  0.0000e+000  0.0000e+000  0.0000e+000  7.1054e-014 -4.2415e+003  0.0000e+000  0.0000e+000  0.0000e+000  0.0000e+000  0.0000e+000  0.0000e+000 
 0.0000e+000  0.0000e+000  0.0000e+000  0.0000e+000  0.0000e+000  0.0000e+000  0.0000e+000  0.0000e+000  0.0000e+000  0.0000e+000  0.0000e+000  0.0000e+000  6.2485e+002 -3.2967e+001  5.1108e+003 -1.7676e+002  1.0409e+003 -1.4379e+002  0.0000e+000  0.0000e+000  0.0000e+000  0.0000e+000  0.0000e+000  0.0000e+000  0.0000e+000  0.0000e+000  0.0000e+000  0.0000e+000  0.0000e+000  0.0000e+000  0.0000e+000  0.0000e+000  0.0000e+000  0.0000e+000 -2.3211e+003  1.2198e+003 -2.8566e+003 -8.6626e+002  0.0000e+000  0.0000e+000  0.0000e+000  0.0000e+000  0.0000e+000  0.0000e+000  0.0000e+000  0.0000e+000  0.0000e+000  0.0000e+000  0.0000e+000  0.0000e+000  0.0000e+000  0.0000e+000  0.0000e+000  0.0000e+000 -1.5989e+003  0.0000e+000  0.0000e+000  0.0000e+000  0.0000e+000  0.0000e+000 
 0.0000e+000  0.0000e+000  0.0000e+000  0.0000e+000  0.0000e+000  0.0000e+000  0.0000e+000  0.0000e+000  0.0000e+000  0.0000e+000  0.0000e+000  0.0000e+000 -1.1538e+002  2.4440e+003 -1.7676e+002  1.2257e+004 -6.1375e+001  3.4418e+003  0.0000e+000  0.0000e+000  0.0000e+000  0.0000e+000  0.0000e+000  0.0000e+000  0.0000e+000  0.0000e+000  0.0000e+000  0.0000e+000  0.0000e+000  0.0000e+000  0.0000e+000  0.0000e+000  0.0000e+000  0.0000e+000  1.2198e+003 -5.2629e+003 -8.6626e+002 -7.1548e+003  0.0000e+000  0.0000e+000  0.0000e+000  0.0000e+000  0.0000e+000  0.0000e+000  0.0000e+000  0.0000e+000  0.0000e+000  0.0000e+000  0.0000e+000  0.0000e+000  0.0000e+000  0.0000e+000  0.0000e+000  0.0000e+000  0.0000e+000 -5.7254e+003  0.0000e+000  0.0000e+000  0.0000e+000  0.0000e+000 
